	-0.2822270164470986
	-0.47779399917331283
	-0.6066600054377623
	-0.6846952241782549
	-0.7244698810844774
	-0.7358931068443859
	-0.726732577222486
	-0.7030395501337979
	-0.6694919640082977
	-0.6296742390782266
	-0.5863026534526162
	-0.5414065176379479
	-0.49647642707765793
	-0.4525812959611555
	-0.41046191519879127
	-0.3706078595038342
	-0.3333165460899475
	-0.2987400764607584
	-0.26692399084123003
	-0.23783585611269087
	-0.2113876700905707
	-0.18745458078672952
	-0.1658878391174027
	-0.1465247447590833
	-0.12919709698195472
	-0.11373639032930406
	-0.09997763761359432
	-0.0877627349723734
	-0.07694199961049718
	-0.06737514853548206
	-0.05893227175460287
	-0.05149378632718582
	-0.04495021727904302
	-0.03920214025525966
	-0.03415956011564369
	-0.029741285144268995
	-0.025874499488796075
	-0.022494026284054162
	-0.019541649145346684
	-0.01696561462267374
	-0.014719966939869279
	-0.012763955150994571
	-0.011061586886490695
	-0.009581092440805038
	-0.008294455232186174
	-0.0071770535116665694
	-0.0062072550092366705
	-0.005366065451869717
	-0.004636858105439838
	-0.0040050792098218985
	-0.003457994346384767
	-0.0029844921656395555
	-0.002574876185113135
	-0.002220686422069728
	-0.0019145608002859328
	-0.0016500909535801605
	-0.00142169916246819
	-0.0012245424373768788
	-0.0010544141934348392
	-0.0009076605853007797
	-0.10454384992882712
	-0.3554962351666299
	-0.5269282566525161
	-0.637342639478411
	-0.7014336779428406
	-0.7308227685096014
	-0.7346547137177525
	-0.7200841443827521
	-0.6926713855514501
	-0.6567029489572807
	-0.6154521774360436
	-0.5713888690283861
	-0.5263486875706338
	-0.4816703969114972
	-0.4383045179954833
	-0.3969009326460981
	-0.3578794721433637
	-0.32148460922214356
	-0.28782940472577573
	-0.2569306507049026
	-0.2287352428771084
	-0.20314126332520185
	-0.18001464343135506
	-0.15920103548020131
	-0.1405352204025535
	-0.12384839268663583
	-0.10897285962905648
	-0.09574569773988928
	-0.08401145994128595
	-0.0736235088218521
	-0.06444499124134191
	-0.05634944242348
	-0.04922067457416278
	-0.042952614066929004
	-0.037449038360684125
	-0.032622950444268564
	-0.02839602282360503
	-0.024698056176969255
	-0.021466261513826978
	-0.01864464561036189
	-0.01618345112195733
	-0.014038515939482821
	-0.012170732240970296
	-0.010545566471975068
	-0.00913254629214699
	-0.007904830463665776
	-0.006838832534341894
	-0.005913834156652387
	-0.005111662343619643
	-0.0044164095658781105
	-0.0038141534285850193
	-0.00329272339452601
	-0.0028414996858752177
	-0.0024512154887877816
	-0.0021137927065522587
	-0.0018222009868006741
	-0.0015703209096901913
	-0.0013528305650298191
	-0.0011651085242601186
	-0.0010031406448222507
	1.0000000000000002
	0
	-1.7875721235564925
	-1.4107184771911907
	-1.2461289011700287
	-0.9552396564244937
	-0.8288046784968202
	-0.6063639293003958
	-0.510248342090629
	-0.34209647781692126
	-0.2699711344844749
	-0.14468218067824937
	-0.09144548121487756
	0.00017957372056796793
	0.0386270497513019
	0.10397112196714751
	0.13091550048567027
	0.17588842321119058
	0.1939558517059278
	0.22327290161330993
	0.23455384114168534
	0.251961963649677
	0.25811434411385253
	0.26657918636196065
	0.2689119294382178
	0.2707693162271777
	0.2703102016662959
	0.2673894118080395
	0.26494072460785145
	0.25866518692194496
	0.254848634280873
	0.24631721372788853
	0.24161052683805856
	0.2316638431739502
	0.22643033220722403
	0.21570410529201697
	0.21021642026496215
	0.19918435063842876
	0.19364391518559917
	0.18265278214282873
	0.1772051742332613
	0.16650250325725882
	0.161249754687094
	0.15100593095921433
	0.1460166367665696
	0.13634308420649197
	0.1316601878471023
	0.12262330693801922
	0.11827027926921246
	0.10990249736535707
	0.1058884507632528
	0.098197362635897
	0.09452083669916966
	0.08749593379988434
	0.08414786615362552
	0.07776580629734825
	0.0747320173229736
	0.06896102510622718
	0.06622394626120126
	0.06102684869617699
	0.05856685318914445
	0.053903407024995735
	0.05169994259001383
	0.04752880971378413
	0.04556110250676741
	0.04184105683516527
	0.04008863274437035
	0.036779444831629926
	0.03522258953519701
	0.032285804058063604
	0.030905781093152212
	0.028305064160956673
	0.02708425778798464
	0.024785613872264134
	0.023707670437053508
	0.02167965881484881
	0.020729492338636593
	0.018943204424622145
	0.01810697813421087
	0.016535975212527716
	0.015801103780674404
	0.014421393552717605
	0.013776469660739787
	0.01256635098812783
	0.012001070367961518
	0.010940977940730307
	0.010446090091549934
	0.0095184863599301
	0.00908570341051134
	0.008274898592957276
	0.007896811170156722
	0.007188797737920104
	0.006858814360613671
	0.006241144575454125
	0.005953408116844277
	0.005415032808813418
	0.005164346016667398
	0.00469547094978667
	0.004477241059058163
	0.00406921813525987
	0.0038793890604656212
	0.003524586964450278
	0.003359579902283504
	0.003051270755619759
	0.002907939293085849
	0.0026402117305682686
	0.0025157903226196185
	0.002283451888066717
	0.002175511205035994
	0.0019740036968591596
	0.0018804165441755284
	0.001705750596284054
	0.001624654360102099
	0.0014733386298391182
	0.0014031029621397117
	0.0012720831374840936
	0.0012112851296490115
	0.001097896549740545
	0.0010452941310534886
	0.0009472117938252359
	0.0009017209584735595
	0.0008169166756376528
	0
	0.8465117760417078
	0.3112467520815088
	0.9135617118960261
	0.33587626875730153
	0.9401674918364514
	0.3456370853852386
	0.9371421672800735
	0.34450529843832395
	0.912944068863249
	0.33559135400094503
	0.8741511587724647
	0.32131458047884914
	0.8257949041479258
	0.30352436103265545
	0.7717180781000366
	0.2836334746508136
	0.7148235076963565
	0.26270946062586
	0.6572356143002093
	0.2415326632779212
	0.6005032851652267
	0.22067230542424796
	0.545727087617897
	0.20053310374316827
	0.49363237122304465
	0.1813810947813765
	0.4446837314818867
	0.1633868617220095
	0.3991478015481715
	0.14664846529135248
	0.3571224827025018
	0.1312014131759179
	0.3186011607809985
	0.11704310987444057
	0.2835020657650328
	0.10414352112421658
	0.2516768250083599
	0.0924477629890027
	0.22294625108502056
	0.08188985814531877
	0.1971128499449662
	0.07239723456219925
	0.1739604354171929
	0.06389019642541241
	0.15327391699460907
	0.0562896163352781
	0.13484366772142004
	0.04951846790934728
	0.11846190507755226
	0.04350023008298673
	0.1039335283587881
	0.03816315726957099
	0.09107681281040347
	0.033440482656266896
	0.07971915810981678
	0.02926867625462549
	0.06970295464250473
	0.025589794840956394
	0.060884816755922305
	0.022351164167158894
	0.053131754811212004
	0.01950385231712636
	0.046324303936438896
	0.017003949220624738
	0.04035533720174688
	0.01481210594215151
	0.03512698483473581
	0.01289232322251615
	0.030552270904481732
	0.01121263888711292
	0.02655395461322839
	0.009744685529298412
	0.02306220047083636
	0.008462782309309918
	0.020015411908392337
	0.0073442978216739
	0.017359261258420414
	0.006369282668092155
	0.01504499626995612
	0.005519813250647844
	0.013029848115907277
	0.004780178647286404
	0.011276279752423325
	0.0041365971896549685
	0.009750788220701436
	0.0035767544216824825
	0.008424091247424104
	0.003089895667652171
	0.0072705706930343336
	0.0026666168063632597
	0.00626744222666592
	0.0022985450855180956
	0.005394829043396853
	0.0019783817010504833
	0.004635360924424824
	0.001699751406985053
	0.003973607170429149
	0.0014569852125214386
	0.003396093482319222
	0.0012451365026572771
	0.0028910168960167406
	0.0010598743066954808
	0.002447862904373882
	0.0008973370619865989
	0.002057392851365731
	0.0007541342448385474
	0.0017114404659626236
	0.0006272703202872932
	0.0014026556012678977
	0.0005140473029652438
	0.0011244736396396372
	0.00041205735958533613
	0.0008709658149464635
	0.0003191269694892874
	0.0006366689714195608
	0.00023325269546961767
	0.0004165393041344479
	0.00015258638903637716
	0.00020583413735052847
	7.539119420849394e-05
	6.423167441187504
	-0.8465117760417076
	-0.31124675208150887
	-0.9135617118960264
	-0.33587626875730153
	-0.9401674918364514
	-0.3456370853852386
	-0.9371421672800734
	-0.34450529843832395
	-0.912944068863249
	-0.335591354000945
	-0.8741511587724649
	-0.3213145804788491
	-0.8257949041479257
	-0.30352436103265534
	-0.7717180781000366
	-0.2836334746508136
	-0.7148235076963565
	-0.26270946062586004
	-0.6572356143002092
	-0.24153266327792125
	-0.6005032851652267
	-0.22067230542424796
	-0.545727087617897
	-0.2005331037431683
	-0.4936323712230446
	-0.1813810947813765
	-0.44468373148188667
	-0.16338686172200953
	-0.3991478015481716
	-0.14664846529135248
	-0.3571224827025019
	-0.1312014131759179
	-0.31860116078099837
	-0.11704310987444061
	-0.2835020657650328
	-0.1041435211242166
	-0.25167682500836
	-0.0924477629890027
	-0.22294625108502056
	-0.08188985814531878
	-0.19711284994496617
	-0.07239723456219926
	-0.17396043541719286
	-0.06389019642541241
	-0.15327391699460907
	-0.05628961633527812
	-0.13484366772142006
	-0.04951846790934729
	-0.11846190507755228
	-0.04350023008298673
	-0.10393352835878812
	-0.03816315726957099
	-0.09107681281040346
	-0.033440482656266896
	-0.07971915810981678
	-0.029268676254625495
	-0.06970295464250471
	-0.025589794840956397
	-0.0608848167559223
	-0.022351164167158894
	-0.053131754811212
	-0.01950385231712636
	-0.046324303936438896
	-0.01700394922062474
	-0.04035533720174688
	-0.01481210594215151
	-0.03512698483473581
	-0.012892323222516154
	-0.03055227090448173
	-0.011212638887112918
	-0.026553954613228386
	-0.009744685529298414
	-0.023062200470836364
	-0.008462782309309918
	-0.020015411908392337
	-0.007344297821673901
	-0.01735926125842041
	-0.006369282668092154
	-0.01504499626995612
	-0.005519813250647844
	-0.013029848115907279
	-0.004780178647286404
	-0.011276279752423327
	-0.0041365971896549685
	-0.009750788220701434
	-0.0035767544216824816
	-0.0084240912474241
	-0.0030898956676521706
	-0.0072705706930343336
	-0.0026666168063632593
	-0.00626744222666592
	-0.0022985450855180956
	-0.005394829043396854
	-0.0019783817010504837
	-0.004635360924424826
	-0.0016997514069850529
	-0.003973607170429148
	-0.0014569852125214382
	-0.0033960934823192225
	-0.0012451365026572771
	-0.0028910168960167406
	-0.001059874306695481
	-0.002447862904373882
	-0.0008973370619865988
	-0.0020573928513657304
	-0.0007541342448385474
	-0.0017114404659626234
	-0.0006272703202872931
	-0.0014026556012678977
	-0.0005140473029652439
	-0.0011244736396396372
	-0.0004120573595853361
	-0.0008709658149464637
	-0.00031912696948928733
	-0.0006366689714195608
	-0.0002332526954696177
	-0.00041653930413444794
	-0.00015258638903637716
	-0.00020583413735052845
	-7.539119420849394e-05
	-6.423167441187502
	13.46395572968981
	0.8464727468191446
	0.7165168277989044
	0.6065119673690782
	0.5133958509975873
	0.43457603088136476
	0.36785676656191
	0.31138072762766866
	0.2635755634613015
	0.2231095311974917
	0.18885613771427237
	0.15986173354532737
	0.13531860070538346
	0.11454350763480893
	0.09695805451960783
	0.0820723507354528
	0.06947200816494295
	0.05880622039896569
	0.04977786291116451
	0.04213560434920023
	0.035666676427716315
	0.03019086956567866
	0.025555748290118533
	0.021632266089690575
	0.018311123696863014
	0.015499867173028755
	0.013120228264709639
	0.011105915658122942
	0.009400854933073074
	0.007957575457160438
	0.006735870755243202
	0.005701731020409454
	0.0048263647460102714
	0.004085386223706394
	0.00345816809859784
	0.002927247977343449
	0.002477835636002693
	0.00209742033697356
	0.0017754109297157305
	0.0015028369664092053
	0.00127211053497775
	0.0010768079758704519
	0.0009114886051318245
	0.0007715502632802858
	0.0006530969239239032
	0.0005528287471330001
	0.00046795446810625653
	0.0003961111002117799
	0.00033529725104181844
	0.00028381998509027605
	0.0002402461226861766
	0.00020336179538281714
	0.00017214021753576603
	0.00014571214852318604
	0.00012334136260534038
	0.00010440510200095861
	8.837616187037299e-05
	7.480801249174789e-05
	6.33229438179707e-05
	5.360119980452804e-05
	4.5371954831340625e-05
	0.9460579867426596
	0.8008125681683295
	0.6778664675746682
	0.5737954907845197
	0.48570240621365784
	0.4111341248622396
	0.34801383198322505
	0.2945843219485407
	0.24935776692276096
	0.21107455390779753
	0.1786689166610953
	0.15123846979508385
	0.12801924295216893
	0.10836483615182278
	0.09172794185730522
	0.07764520290401988
	0.06572456996806983
	0.0556340944785906
	0.04709274477008839
	0.039862738235820684
	0.03374274409500717
	0.02856231327931618
	0.02417722779212619
	0.02046537810549417
	0.01732338481965003
	0.01466377799373282
	0.012412496737715337
	0.01050684020845757
	0.008893756840042299
	0.0075283278163540005
	0.0063725243256641416
	0.005394169958356252
	0.004566020914896224
	0.0038650122658658672
	0.0032716286337658284
	0.0027693463281420654
	0.0023441761932759247
	0.0019842819191663225
	0.0016796416898077775
	0.001421770914843538
	0.0012034907306084567
	0.001018722785760438
	0.000862321074709889
	0.0007299315307317847
	0.0006178675609952717
	0.0005230080515261126
	0.0004427122087488577
	0.0003747440699927763
	0.00031721064228097077
	0.00026851025270657953
	0.00022728676315121414
	0.00019239205072024059
	0.00016285468162783616
	0.00013785214187579277
	0.00011668808118850471
	9.877331334936384e-05
	8.360897377512845e-05
	7.077271769016274e-05
	5.9907196603085084e-05
	5.070984317406281e-05
	0
	1
	-0.9460579867426597
	-0.8464727468191436
	-0.8008125681683292
	-0.7165168277989035
	-0.6778664675746682
	-0.6065119673690778
	-0.5737954907845199
	-0.5133958509975847
	-0.48570240621365773
	-0.43457603088136687
	-0.4111341248622396
	-0.36785676656190974
	-0.34801383198322494
	-0.31138072762766794
	-0.29458432194854073
	-0.2635755634613019
	-0.249357766922761
	-0.22310953119749066
	-0.2110745539077976
	-0.18885613771427223
	-0.1786689166610953
	-0.15986173354532757
	-0.1512384697950839
	-0.13531860070538274
	-0.12801924295216893
	-0.11454350763480856
	-0.10836483615182281
	-0.09695805451960836
	-0.0917279418573052
	-0.08207235073545271
	-0.0776452029040199
	-0.06947200816494313
	-0.06572456996806983
	-0.05880622039896588
	-0.055634094478590586
	-0.04977786291116434
	-0.04709274477008839
	-0.04213560434920013
	-0.03986273823582068
	-0.03566667642771623
	-0.03374274409500717
	-0.03019086956567855
	-0.02856231327931618
	-0.025555748290118484
	-0.024177227792126194
	-0.021632266089690582
	-0.020465378105494172
	-0.018311123696863055
	-0.01732338481965003
	-0.015499867173028708
	-0.01466377799373282
	-0.013120228264709622
	-0.01241249673771534
	-0.011105915658122937
	-0.010506840208457569
	-0.009400854933073044
	-0.008893756840042299
	-0.007957575457160432
	-0.0075283278163540005
	-0.006735870755243166
	-0.006372524325664142
	-0.005701731020409461
	-0.005394169958356251
	-0.004826364746010262
	-0.004566020914896224
	-0.0040853862237063875
	-0.003865012265865868
	-0.0034581680985978345
	-0.003271628633765829
	-0.0029272479773434514
	-0.0027693463281420663
	-0.002477835636002691
	-0.0023441761932759247
	-0.002097420336973559
	-0.001984281919166322
	-0.001775410929715736
	-0.0016796416898077773
	-0.0015028369664092068
	-0.0014217709148435383
	-0.0012721105349777517
	-0.0012034907306084563
	-0.001076807975870452
	-0.0010187227857604382
	-0.000911488605131824
	-0.000862321074709889
	-0.0007715502632802861
	-0.0007299315307317849
	-0.0006530969239239058
	-0.0006178675609952717
	-0.0005528287471329993
	-0.0005230080515261127
	-0.0004679544681062546
	-0.0004427122087488576
	-0.00039611110021178195
	-0.0003747440699927763
	-0.00033529725104182006
	-0.00031721064228097093
	-0.0002838199850902759
	-0.00026851025270657953
	-0.0002402461226861769
	-0.0002272867631512142
	-0.00020336179538281592
	-0.00019239205072024059
	-0.00017214021753576543
	-0.0001628546816278362
	-0.000145712148523186
	-0.0001378521418757928
	-0.00012334136260534043
	-0.0001166880811885047
	-0.00010440510200095835
	-9.877331334936384e-05
	-8.837616187037311e-05
	-8.360897377512846e-05
	-7.480801249174758e-05
	-7.077271769016274e-05
	-6.332294381797043e-05
	-5.990719660308507e-05
	-5.360119980452741e-05
	-5.070984317406282e-05
	-4.537195483134062e-05
	1
	-0.6690569311552991
	-0.24779891295062415
	-0.5663353679930178
	-0.2097537560958781
	-0.4793902408417651
	-0.1775519765628939
	-0.40579103416138207
	-0.15029300567392181
	-0.343489176536243
	-0.12721816264465646
	-0.2907559161069822
	-0.10768739787339465
	-0.24611711610308012
	-0.09115450567648273
	-0.20833029343484055
	-0.0771593370750827
	-0.1763469393989414
	-0.06531369432160343
	-0.14927297238845028
	-0.05528629712705361
	-0.12635481152354341
	-0.046798059622821804
	-0.10695652370797387
	-0.039613535221955036
	-0.09053583772412686
	-0.033531798456034975
	-0.0766356977225257
	-0.0283835803956469
	-0.06487040263721876
	-0.024026079856036775
	-0.05491105844690193
	-0.020337433121893938
	-0.04648045526379802
	-0.017214976545042927
	-0.0393446607217782
	-0.014572099478040867
	-0.03330419659784167
	-0.012334890095807774
	-0.028190931702866948
	-0.010441081639442327
	-0.023862983168534562
	-0.008838143681900444
	-0.020199364961354153
	-0.007481247778232277
	-0.017098103379853253
	-0.006332628348374777
	-0.014473144620173054
	-0.005360425005482213
	-0.01225110903362719
	-0.004537448697721853
	-0.010370148146815918
	-0.003840794073613578
	-0.008778069056714818
	-0.0032511373378994925
	-0.007430365845486008
	-0.0027519879005774737
	-0.0062895263389842445
	-0.0023294532678421135
	-0.00532389451931749
	-0.0019718131792949623
	-0.004506476548511341
	-0.001669065722150612
	-0.0038145202919087234
	-0.0014127847281854094
	-0.0032288253402737443
	-0.001195861476310672
	-0.0027330188391936168
	-0.0010122294021471794
	-0.0023133004364022727
	-0.0008567775966970733
	-0.0019580237730752585
	-0.0007251941350666717
	-0.0016572572497654953
	-0.0006137991041544245
	-0.0014026292867704584
	-0.0005194921206365716
	-0.0011870744460205972
	-0.00043965729016129135
	-0.001004567004097835
	-0.00037206192778193946
	-0.0008500270230860254
	-0.00031482469743526525
	-0.0007191662920202113
	-0.00026635793920498884
	-0.0006083266924287922
	-0.00022530622744227076
	-0.0005144231010534975
	-0.0001905269982534285
	-0.00043484982216860274
	-0.00016105552190317306
	-0.0003673824829476403
	-0.0001360676134904211
	-0.0003101431920279558
	-0.00011486780295210331
	-0.0002615435763633218
	-9.686801061927307e-05
	-0.0002202251618670107
	-8.156489107853452e-05
	-0.0001850378933581653
	-6.853252568259554e-05
	-0.00015500523416480172
	-5.74093574688328e-05
	-0.00012928781217231105
	-4.788438445550871e-05
	-0.0001071698176365446
	-3.9692509173562036e-05
	-8.803725602248733e-05
	-3.260639764071797e-05
	-7.135557887419335e-05
	-2.6427997461225615e-05
	-5.6660487073209974e-05
	-2.0985357188524126e-05
	-4.3543785209489334e-05
	-1.6127331080832004e-05
	-3.163928679062295e-05
	-1.1718256710548264e-05
	-2.061567516416229e-05
	-7.63543219181194e-06
	-1.0166348267275393e-05
	-3.7653149261277956e-06
	-7.0550861082838825
	0.669056931155299
	0.24779891295062423
	0.5663353679930179
	0.20975375609587804
	0.4793902408417652
	0.17755197656289387
	0.405791034161382
	0.15029300567392181
	0.34348917653624306
	0.12721816264465646
	0.2907559161069822
	0.10768739787339462
	0.2461171161030801
	0.09115450567648271
	0.20833029343484058
	0.07715933707508271
	0.17634693939894133
	0.06531369432160343
	0.14927297238845025
	0.055286297127053616
	0.12635481152354344
	0.0467980596228218
	0.10695652370797387
	0.03961353522195504
	0.09053583772412685
	0.033531798456034975
	0.07663569772252568
	0.0283835803956469
	0.06487040263721877
	0.02402607985603678
	0.05491105844690194
	0.020337433121893934
	0.04648045526379801
	0.01721497654504293
	0.0393446607217782
	0.014572099478040867
	0.03330419659784167
	0.012334890095807774
	0.02819093170286695
	0.010441081639442327
	0.023862983168534555
	0.00883814368190044
	0.02019936496135415
	0.007481247778232277
	0.01709810337985325
	0.0063326283483747785
	0.014473144620173057
	0.005360425005482216
	0.012251109033627191
	0.004537448697721852
	0.010370148146815921
	0.0038407940736135773
	0.008778069056714816
	0.0032511373378994925
	0.007430365845486008
	0.0027519879005774733
	0.006289526338984244
	0.0023294532678421135
	0.005323894519317491
	0.0019718131792949623
	0.004506476548511341
	0.001669065722150612
	0.0038145202919087234
	0.0014127847281854096
	0.003228825340273744
	0.0011958614763106718
	0.0027330188391936163
	0.0010122294021471796
	0.0023133004364022723
	0.0008567775966970732
	0.0019580237730752585
	0.0007251941350666717
	0.001657257249765496
	0.0006137991041544246
	0.0014026292867704584
	0.0005194921206365716
	0.0011870744460205972
	0.00043965729016129135
	0.001004567004097835
	0.0003720619277819394
	0.0008500270230860255
	0.00031482469743526525
	0.0007191662920202114
	0.0002663579392049889
	0.0006083266924287923
	0.00022530622744227073
	0.0005144231010534975
	0.00019052699825342849
	0.0004348498221686027
	0.00016105552190317306
	0.0003673824829476403
	0.00013606761349042109
	0.00031014319202795585
	0.00011486780295210331
	0.00026154357636332186
	9.686801061927306e-05
	0.00022022516186701065
	8.15648910785345e-05
	0.00018503789335816534
	6.853252568259554e-05
	0.0001550052341648017
	5.7409357468832806e-05
	0.00012928781217231105
	4.7884384455508706e-05
	0.00010716981763654457
	3.9692509173562036e-05
	8.803725602248732e-05
	3.260639764071798e-05
	7.135557887419335e-05
	2.642799746122561e-05
	5.6660487073209974e-05
	2.0985357188524123e-05
	4.3543785209489334e-05
	1.6127331080832e-05
	3.163928679062295e-05
	1.1718256710548266e-05
	2.0615675164162298e-05
	7.635432191811936e-06
	1.0166348267275391e-05
	3.7653149261277956e-06
	7.055086108283882
	-6.423167441187503
