	-0.28216950534861684
	-0.4777474585934844
	-0.6065848387470534
	-0.6846043857798348
	-0.724396884524591
	-0.7358151167789009
	-0.7266547081204736
	-0.7029775740577551
	-0.6694330102266065
	-0.6296199689178528
	-0.586260059099813
	-0.541368546360858
	-0.496443347798625
	-0.45255590282902997
	-0.41044048449157877
	-0.3705901882332952
	-0.33330352084048637
	-0.29872983339060766
	-0.2669162344905064
	-0.23783067613839173
	-0.21138421102394075
	-0.18745258903964376
	-0.16588712281769571
	-0.14652497343377235
	-0.12919808999097449
	-0.11373789741740863
	-0.09997958570272651
	-0.08776500931415433
	-0.07694437660452794
	-0.0673776690507636
	-0.05893486977360417
	-0.05149628836685434
	-0.0449527046172239
	-0.039204579101177355
	-0.034161825735177107
	-0.029743464019227384
	-0.025876577389246067
	-0.022495917815204568
	-0.01954343108644965
	-0.01696728364325097
	-0.014721466608215461
	-0.012765347864850318
	-0.01106287475064335
	-0.009582239185545502
	-0.008295508956074813
	-0.007178018545037454
	-0.00620810858202651
	-0.005366843351036209
	-0.004637565144348118
	-0.0040057013932544945
	-0.0034585576313904192
	-0.002985001001084407
	-0.002575322142448818
	-0.0022210879689058896
	-0.0019149216857495819
	-0.0016504062061159924
	-0.0014219817235407626
	-0.0012247952929306059
	-0.001054634476577265
	-0.0009078572544520844
	-0.05395635971885991
	-0.15334655855465257
	-0.1987892045936557
	-0.35544261941046856
	-0.5033262432290705
	-0.5494239049814131
	-0.5699491331733595
	-0.6227006264459971
	-0.6510919799763208
	-0.6633726191032684
	-0.7013491826014573
	-0.7280098781259149
	-0.7331189569582004
	-0.7346182162739204
	-0.7355156107279199
	-0.7333933412108268
	-0.7315731038753043
	-0.7200119344271031
	-0.697950525446747
	-0.6871899523251229
	-0.6814581152295404
	-0.6631411816261409
	-0.6501224458436812
	-0.643396736660473
	-0.6154020733644766
	-0.5788329077208086
	-0.5639003644112867
	-0.5563958517418677
	-0.5338463598334163
	-0.5188345783656871
	-0.5113456870194504
	-0.48164006790529656
	-0.44539581473687195
	-0.43124061632028476
	-0.4242457845937824
	-0.40363033153989136
	-0.39020961656149855
	-0.3835994072497249
	-0.35786347012699027
	-0.32735019986132496
	-0.31567246531412085
	-0.30994813264248827
	-0.29323599320034766
	-0.2824784362630103
	-0.2772148885441451
	-0.2569238259945789
	-0.23324300713414867
	-0.22428465390747615
	-0.21991396532828072
	-0.20722518258060774
	-0.19911285243762675
	-0.19515962602369516
	-0.1800131183088581
	-0.16251211867644427
	-0.15594111468683508
	-0.15274507979416238
	-0.14350090069551588
	-0.1376176556557464
	-0.13475851249884574
	-0.12384957903088074
	-0.11133152881743717
	-0.10665610981956246
	-0.10438701851402786
	-0.09784122894087964
	-0.0936888664914814
	-0.09167486846232288
	-0.08401377896777676
	-0.0752669041937418
	-0.07201268232265595
	-0.07043589613128129
	-0.06589621012269167
	-0.06302347388365127
	-0.061632195141236065
	-0.056352012496999615
	-0.050346668415787846
	-0.04811909481270228
	-0.04704111165290006
	-0.043942264471558724
	-0.04198503357707651
	-0.04103823827455651
	-0.03745142018082752
	-0.033384375921213336
	-0.03187935784041483
	-0.031151767291550062
	-0.029062738195749484
	-0.0277453210671885
	-0.027108624764841972
	-0.024700071126254716
	-0.02197574631731994
	-0.020969548038555053
	-0.020483505083581446
	-0.019089390138536177
	-0.018211309424223856
	-0.017787265271086684
	-0.016185062297611973
	-0.014376475248381955
	-0.01370956170764309
	-0.013387628103713065
	-0.012464994032887727
	-0.011884480196266258
	-0.011604316708636505
	-0.010546805833215961
	-0.009355104372679873
	-0.008916257899260094
	-0.008704538332018195
	-0.008098194061077079
	-0.007717023772743399
	-0.007533165768153907
	-0.00683975910583285
	-0.006059495634713736
	-0.005772492270543872
	-0.005634096464700974
	-0.00523798252087572
	-0.004989159148547286
	-0.00486919472008986
	-0.004417087242619573
	-0.0039089831730381415
	-0.003722273414657753
	-0.0036322782480406202
	-0.003374829779695276
	-0.0032132167598354416
	-0.003135330264117159
	-0.0028419867197208327
	-0.0025126687615594718
	-0.0023917612105606037
	-0.0023335046214177004
	-0.0021669262879737286
	-0.0020624169553172585
	-0.0020120683871190288
	-0.0018225460254696001
	-0.0016099845204614646
	-0.0015320030485567078
	-0.0014944416627073697
	-0.0013870820915447047
	-0.0013197600714759355
	-0.001287337060045588
	-0.0011653500546168023
	-0.001028649421857434
	-0.0009785325896527399
	-0.0009543997616707771
	1
	0
	-1.8912786960378254
	-1.686739837902437
	-1.5909116731125321
	-1.4107911608774024
	-1.2461968710787512
	-0.9552990401991825
	-0.8904803636895766
	-0.7690420974846153
	-0.7124140107367901
	-0.606460838917396
	-0.5571292544736128
	-0.4649635609893042
	-0.42212256212564186
	-0.3422149235308652
	-0.2700817479558631
	-0.14477854610172017
	-0.11736538050244069
	-0.06655998605690666
	-0.04316379926235978
	7.520872870176095e-05
	0.019921842013471767
	0.056480166209922376
	0.07319548501764439
	0.1038653456696017
	0.13081688869604643
	0.17580282443106646
	0.18521112370495071
	0.2021664096532548
	0.20971555917382576
	0.22318995255383897
	0.22911721757480275
	0.23955914529920264
	0.2440756742473248
	0.25188399680963525
	0.2580418216017938
	0.266516533395565
	0.2678447501952376
	0.26972250840947937
	0.2702732174449857
	0.2707119402119939
	0.27060100065696957
	0.2698188088228004
	0.26914850422865394
	0.26733785366649226
	0.2648929135203957
	0.25862415192066446
	0.25677433180864223
	0.2528148495452284
	0.25070575640323045
	0.24628107138148017
	0.24396600898278403
	0.23917586510436134
	0.23670128438628338
	0.23163247354021657
	0.22640137074065295
	0.21567948473984047
	0.21294696257095053
	0.20745316272889616
	0.20469214209332992
	0.1991634001300347
	0.19639593502278618
	0.19087301656974395
	0.1881178220458851
	0.18263520689722554
	0.17718906027593334
	0.16648901184772377
	0.1638548308811938
	0.15864717528704225
	0.15607380313630698
	0.1509948952703409
	0.14848947558207512
	0.1435520732328476
	0.14112022031954655
	0.13633422092406708
	0.13165216185156234
	0.12261677406510384
	0.12042660503411097
	0.11613048482017932
	0.11402456338997691
	0.10989747420776251
	0.10787635294594808
	0.10391877412473427
	0.10198237874235906
	0.09819363224504506
	0.09451755443176008
	0.08749344265472657
	0.08580570360937728
	0.08251005357713892
	0.08090214098351177
	0.07776417089284252
	0.07623412710769803
	0.07324972519982102
	0.07179539477039476
	0.0689600975856398
	0.06622323613922247
	0.061026515398263176
	0.05978490822501466
	0.057367547743899024
	0.05619178154184631
	0.05390351259443783
	0.05279100937989404
	0.050626667884141476
	0.04957484032311741
	0.047529261328036
	0.04556164195625856
	0.04184174199989286
	0.040956484270046514
	0.03923648621291499
	0.038401730835464186
	0.03678032099246293
	0.03599366091357042
	0.034466087609800786
	0.03372517720146358
	0.03228681708816256
	0.03090681400840538
	0.02830612286504992
	0.02768901477598072
	0.0264918528562358
	0.025911785512406315
	0.024786726703111727
	0.024241728601006964
	0.023184908614091133
	0.022673086202236823
	0.021680796734746825
	0.020730618011518872
	0.018944300287057424
	0.01852137970733905
	0.017701903221328058
	0.01730533645946576
	0.016537056698133445
	0.016165337713095595
	0.015445315116925342
	0.0150970098303456
	0.014422446849566596
	0.013777498325850856
	0.012567329462597556
	0.01228132300572929
	0.011727660496803667
	0.011459996247527233
	0.01094191313625659
	0.010691489454915413
	0.010206841476809978
	0.009972615341534392
	0.009519373114173094
	0.009086563298393278
	0.008275705808751397
	0.008084346686680493
	0.007714189550576521
	0.007535385586381194
	0.007189554148062894
	0.007022523029763515
	0.006699497574084242
	0.006543501622853022
	0.0062418495507438245
	0.005954088658228948
	0.0054156662493048124
	0.005288752075534016
	0.005043410363230679
	0.004924978622389216
	0.004696056501261342
	0.004585563473314528
	0.004372006269951043
	0.0042689408131919735
	0.004069757268303011
	0.003879907888469366
	0.003525067020001648
	0.003441509601513263
	0.0032800685864934833
	0.0032021820812557105
	0.0030517100870140726
	0.0029791227268606284
	0.0028388994439160096
	0.0027712625604855382
	0.0026406125561940362
	0.00251617517287964
	0.0022838064179430007
	0.0022291353638789696
	0.0021235538828372246
	0.002072641473368739
	0.0019743256413195225
	0.0019269209229432905
	0.0018353849542425945
	0.001791253009986219
	0.0017060422284947956
	0.0016249338811561364
	0.0014735952613253913
	0.001438015039197386
	0.001369329178750733
	0.0013362222056061085
	0.0012723147360962019
	0.001241513356211148
	0.0011820599776778203
	0.001153407490648193
	0.0010981051315416288
	0.001045493775859367
	0.000947394600405813
	0.0009243460038881358
	0.0008798671723335599
	0.0008584360473908872
	0.0008170808083471945
	0.4128890571747226
	0.14449656321574697
	0.4449542827695389
	0.15571097523568805
	0.9116938015519326
	0.3353324738368661
	0.4571400587473279
	0.16040710298024222
	0.4947291335947627
	0.17359488181826144
	0.4572895887173762
	0.16031050133823638
	0.4941618092228264
	0.17323308227205328
	0.9166691329553125
	0.33718925112589315
	0.4283657293232448
	0.15031784652493782
	0.46361377584584007
	0.16268478416576057
	0.4070207796594405
	0.14264771408017618
	0.4396430076996834
	0.15407703509251375
	0.7824133795963576
	0.28664484330358264
	0.35183851156411483
	0.12282621203635652
	0.3776715937829764
	0.13183137510177692
	0.32042417848837496
	0.11234363192175739
	0.3463271045304025
	0.12142308490383863
	0.602565515698038
	0.2213529214957962
	0.2664609051819432
	0.093182452515218
	0.28681479781478525
	0.10029422140640816
	0.23900450280873317
	0.08335859077401583
	0.2561740661675955
	0.08933576896791828
	0.4331703004626656
	0.15830537914807494
	0.18627023041731777
	0.06518655771342807
	0.20073402655763334
	0.07024503211172269
	0.1636880768319018
	0.05727874007117609
	0.1763694017615722
	0.06171326292080267
	0.2928226618515864
	0.10751932553249526
	0.12344162181922445
	0.04332338413644712
	0.13363397968741897
	0.046900070672388036
	0.10603242111316741
	0.03703346019096505
	0.11390435560452816
	0.03977936339698531
	0.18091003878682496
	0.06615235032061106
	0.07139493067097494
	0.024853488954980036
	0.07629471622804854
	0.02655429846899806
	0.054871910270213695
	0.019344114214173324
	0.059822395693783746
	0.021089181689796867
	0.08814700193084692
	0.03493316972792233
	0.03389927553427922
	0.012463437852223013
	0.0394670618234766
	0.014469069894172399
	0.02681300282823171
	0.010006379215840128
	0.031941410240183606
	0.01186052214353224
	0.04411495131516073
	0.018052853422339917
	0.014283909498290524
	0.005498266343785143
	0.01783631949384453
	0.006789262337097281
	0.00873413384439312
	0.0034307516728542937
	0.011242277755666443
	0.004344315104499729
	0.007492930374728533
	0.004660980921292118
	-0.001788460997580274
	-0.00020615051244215788
	0.00012571145312967682
	0.0005041369120016046
	-0.00633540694903097
	-0.0017672528319075365
	-0.004626816093015748
	-0.0011259536359572231
	-0.01840668913483404
	-0.0041569617981174365
	-0.011710566075018598
	-0.0034555520133526026
	-0.009476530068156299
	-0.0026117102075791277
	-0.01319223003245054
	-0.004275627978908349
	-0.012547957026226374
	-0.00401713137528151
	-0.03601346477960499
	-0.013457819591754584
	-0.024618969041980233
	-0.008248807456282556
	-0.024736630393342854
	-0.008254273304165154
	-0.028425908710007535
	-0.009457079990195351
	-0.028232015675170866
	-0.009341534892173846
	-0.06011334187894309
	-0.018489547027141
	-0.029698885300173176
	-0.009556471665018532
	-0.027911658043179237
	-0.008849997881261814
	-0.02801716488081637
	-0.008747898263592131
	-0.025022475072195585
	-0.007597769623144803
	-0.046783178564901606
	-0.013726687469834646
	-0.021538187268240905
	-0.006812553000051457
	-0.019664985245805833
	-0.006086905256140922
	-0.018760322962679397
	-0.005576906591476149
	-0.015382153874779645
	-0.004299327793086883
	-0.024293393135670163
	-0.00541402350194686
	-0.008991058290762084
	-0.0030396545113072003
	-0.009166678446405847
	-0.0030906810926743557
	-0.010220793083476272
	-0.003352279298015498
	-0.009915815296208857
	-0.0032237778927992583
	-0.02026886238256909
	-0.006206303491998259
	-0.009680449952512018
	-0.0030339168205072552
	-0.008701473046195765
	-0.002657111218212854
	-0.008589295870986828
	-0.002854828929763203
	-0.008517192216474097
	-0.00281491958031595
	-0.01745671861462616
	-0.005441283636890383
	-0.008650971939042722
	-0.002934288774469683
	-0.008866950056201922
	-0.003000757921210615
	-0.008872390367299426
	-0.002585741953198655
	-0.007021547274644272
	-0.0018879481011363241
	-0.008505378621624916
	-0.0005423513157847926
	-0.0004020578545460704
	0.0001507134920202326
	0.0009921288402237416
	0.0006666600867504414
	0.0021894771517465108
	0.0010140185700619657
	0.0035714368864224514
	0.0015214308576861585
	0.010523418227229929
	0.004707200138124302
	0.007020707523050707
	0.002367331292925035
	0.007127533118009798
	0.002395972977855677
	0.006637667785286301
	0.001968043585086075
	0.005417259294963985
	0.0015067169822960311
	0.00680827920655415
	0.0010437420641432303
	0.0010948773096399055
	0.0002516675729364539
	0.0005367250820608663
	4.366974864427457e-05
	6.4413683240688195
	-0.4128890571747225
	-0.144496563215747
	-0.44495428276953886
	-0.15571097523568805
	-0.9116938015519325
	-0.3353324738368661
	-0.45714005874732766
	-0.16040710298024224
	-0.49472913359476284
	-0.17359488181826144
	-0.4572895887173762
	-0.16031050133823632
	-0.4941618092228263
	-0.17323308227205328
	-0.9166691329553124
	-0.33718925112589326
	-0.42836572932324485
	-0.1503178465249378
	-0.4636137758458402
	-0.16268478416576057
	-0.40702077965944045
	-0.14264771408017618
	-0.43964300769968334
	-0.15407703509251372
	-0.7824133795963576
	-0.28664484330358264
	-0.3518385115641148
	-0.12282621203635652
	-0.3776715937829764
	-0.1318313751017769
	-0.32042417848837496
	-0.1123436319217574
	-0.3463271045304025
	-0.12142308490383863
	-0.6025655156980381
	-0.22135292149579613
	-0.2664609051819432
	-0.09318245251521799
	-0.2868147978147853
	-0.10029422140640817
	-0.2390045028087333
	-0.08335859077401585
	-0.2561740661675955
	-0.08933576896791826
	-0.43317030046266547
	-0.15830537914807494
	-0.18627023041731772
	-0.06518655771342807
	-0.20073402655763342
	-0.0702450321117227
	-0.16368807683190184
	-0.05727874007117607
	-0.1763694017615722
	-0.06171326292080267
	-0.29282266185158634
	-0.10751932553249527
	-0.12344162181922443
	-0.04332338413644713
	-0.13363397968741897
	-0.04690007067238802
	-0.10603242111316741
	-0.03703346019096504
	-0.11390435560452815
	-0.039779363396985304
	-0.18091003878682493
	-0.06615235032061106
	-0.07139493067097492
	-0.024853488954980033
	-0.07629471622804854
	-0.026554298468998063
	-0.0548719102702137
	-0.01934411421417332
	-0.059822395693783725
	-0.02108918168979686
	-0.08814700193084692
	-0.03493316972792233
	-0.03389927553427921
	-0.012463437852223012
	-0.03946706182347659
	-0.0144690698941724
	-0.026813002828231708
	-0.010006379215840128
	-0.03194141024018361
	-0.011860522143532242
	-0.04411495131516073
	-0.018052853422339914
	-0.014283909498290523
	-0.005498266343785143
	-0.01783631949384453
	-0.006789262337097279
	-0.00873413384439312
	-0.003430751672854294
	-0.011242277755666441
	-0.004344315104499729
	-0.007492930374728532
	-0.0046609809212921184
	0.0017884609975802738
	0.00020615051244215782
	-0.00012571145312967682
	-0.0005041369120016046
	0.006335406949030969
	0.0017672528319075368
	0.004626816093015747
	0.0011259536359572234
	0.018406689134834037
	0.0041569617981174365
	0.0117105660750186
	0.0034555520133526026
	0.009476530068156299
	0.0026117102075791277
	0.013192230032450538
	0.00427562797890835
	0.012547957026226375
	0.004017131375281509
	0.03601346477960498
	0.013457819591754586
	0.02461896904198023
	0.008248807456282554
	0.02473663039334285
	0.008254273304165154
	0.028425908710007528
	0.009457079990195351
	0.02823201567517087
	0.009341534892173847
	0.0601133418789431
	0.018489547027141
	0.02969888530017318
	0.009556471665018529
	0.027911658043179244
	0.008849997881261814
	0.02801716488081636
	0.008747898263592131
	0.02502247507219558
	0.007597769623144804
	0.04678317856490161
	0.013726687469834645
	0.021538187268240905
	0.006812553000051455
	0.019664985245805837
	0.006086905256140921
	0.018760322962679394
	0.00557690659147615
	0.015382153874779644
	0.004299327793086882
	0.02429339313567016
	0.0054140235019468595
	0.008991058290762084
	0.0030396545113072016
	0.009166678446405846
	0.0030906810926743557
	0.010220793083476272
	0.0033522792980154982
	0.009915815296208857
	0.003223777892799258
	0.020268862382569086
	0.006206303491998259
	0.009680449952512018
	0.0030339168205072544
	0.008701473046195769
	0.0026571112182128542
	0.008589295870986826
	0.002854828929763203
	0.008517192216474097
	0.00281491958031595
	0.01745671861462615
	0.005441283636890383
	0.00865097193904272
	0.0029342887744696834
	0.00886695005620192
	0.0030007579212106158
	0.008872390367299424
	0.0025857419531986553
	0.007021547274644272
	0.001887948101136324
	0.008505378621624912
	0.0005423513157847927
	0.00040205785454607034
	-0.0001507134920202326
	-0.0009921288402237416
	-0.0006666600867504414
	-0.002189477151746511
	-0.0010140185700619657
	-0.0035714368864224514
	-0.0015214308576861585
	-0.01052341822722993
	-0.004707200138124301
	-0.007020707523050708
	-0.0023673312929250352
	-0.007127533118009798
	-0.002395972977855677
	-0.006637667785286302
	-0.0019680435850860756
	-0.0054172592949639845
	-0.0015067169822960311
	-0.00680827920655415
	-0.0010437420641432303
	-0.0010948773096399055
	-0.00025166757293645383
	-0.0005367250820608664
	-4.3669748644274575e-05
	13.403668968630578
