	-0.004271133566064331
	-0.002404986227023163
	-0.001015677891511137
	-0.00037981064999924124
	-0.00013364293181827812
	-4.5146553942314956e-05
	-1.4828057020983046e-05
	-4.770899886727615e-06
	-1.5110677313642254e-06
	-4.705933892870455e-07
	-1.4573463724980334e-07
	-4.475904804089742e-08
	-1.3651376933371421e-08
	-4.139000762441168e-09
	-1.2485267241286637e-09
	-3.7322698132903037e-10
	-1.1164484074475353e-10
	-3.328135737854331e-11
	-9.890601012988172e-12
	6.966000048831374e-20
	-2.761060576512879e-20
	-0.0005594385343091017
	0.0005526070351064994
	6.831499202602304e-06
	-0.0019942536351907265
	0.0018838799270501309
	0.00011037370814059543
	-0.0027626231220128114
	0.0025079773188027973
	0.00025464580321001425
	-0.0030377112954792316
	0.0027039778451780957
	0.0003337334503011377
	-0.0037046517869368553
	0.0030646763391590525
	0.0006399754477778047
	-0.004024749091888541
	0.00311541402896515
	0.000909335062923393
	-0.004128670508424381
	0.00309074554488087
	0.0010379249635435138
	-0.0043389826375459465
	0.002856585372179543
	0.0014823972653664075
	-0.004397615383252734
	0.0025611623205722997
	0.0018364530626804375
	-0.004403049940086956
	0.0024046549668577284
	0.0019983949732292313
	-0.004355560398990242
	0.0018202034110502657
	0.00253535698793998
	0.0013256650547133124
	0.0029454685113510194
	-0.004170625597547938
	0.0008546858344264019
	0.0033159397631215377
	-0.00375419468956355
	-0.0007886970943482939
	0.004542891783911845
	-0.0033993935171835158
	-0.0020720863465936265
	0.005471479863777145
	-0.0032401548053824897
	-0.0026437458955381014
	0.005883900700920593
	-0.0027448375892404025
	-0.004458757105126748
	0.007203594694367155
	-0.005763815977523866
	0.008168802204547031
	-0.0022642960221795224
	-0.006326614333463119
	0.008590910355642644
	-0.001855898758510687
	-0.008065733850427874
	0.009921632608938564
	-0.0015951340138224692
	-0.009284733636030915
	0.010879867649853391
	-0.0015422038567158981
	-0.00954586419812541
	0.011088068054841312
	-0.0013841701835536557
	-0.010358871483164174
	0.011743041666717833
	-0.0012781410888822687
	-0.010936634085526281
	0.012214775174408554
	-0.00123401535528191
	-0.011185925638700822
	0.012419940993982736
	-0.0011029906433171314
	-0.011961612672829185
	0.013064603316146318
	-0.012512580311081647
	0.013528258202592779
	-0.0009793427181906105
	-0.012751179192156637
	0.013730521910347245
	-0.0008719392407640458
	-0.013493562574855468
	0.014365501815619509
	-0.0008007745972504512
	-0.014020933979559882
	0.01482170857681033
	-0.0007713648006826972
	-0.014248490467703257
	0.015019855268385954
	-0.0006847320069187654
	-0.014956780915882692
	0.01564151292280146
	-0.0006275795762999389
	-0.015460227513525895
	0.016087807089825844
	-0.0006040186315378166
	-0.015677548783454804
	0.016281567414992634
	-0.0005348109979946987
	-0.01635436257790278
	0.016889173575897493
	-0.0004893179863949076
	-0.016835812095416996
	0.017325130081811926
	-0.0004706019060761386
	-0.017043740703228415
	0.017514342609304578
	-0.00041575510632686633
	-0.017691717581726753
	0.01810747268805365
	-0.018153045692323035
	0.01853285634232231
	-0.000365103242157637
	-0.018351634264791018
	0.01871673750694868
	-0.00032207718851559554
	-0.018970934309791777
	0.01929301149830739
	-0.00029394068386667723
	-0.019412241549242953
	0.019706182233109642
	-0.0002823992963726805
	-0.019603032951473778
	0.019885432247846477
	-0.0002486927342290509
	-0.020198375453914424
	0.020447068188143486
	-0.0002266989573850772
	-0.02062293547182436
	0.020849634429209455
	-0.00020902992551555976
	-0.02098913548066185
	0.021198165406177423
	-0.00016141915825625843
	-0.02211920557608096
	0.022280624734337236
	-0.022913802275219147
	0.023047445207037442
	-0.00012301936754213698
	-0.023254668147675895
	0.023377687515218057
	-9.452316192929705e-05
	-0.02430826158368851
	0.024402784745617846
	-7.799822440651456e-05
	-0.025050483359923093
	0.025128481584329652
	-7.169894072000994e-05
	-0.025369196254763523
	0.025440895195483575
	-5.486284603620549e-05
	-0.026355352392315543
	0.0264102152383518
	-0.02705088742315572
	0.027096033977098075
	-4.145265662800426e-05
	-0.027349728846566678
	0.02739118150319472
	-3.1608866698771006e-05
	-0.028274946191952786
	0.02830655505865158
	-2.5950283836869085e-05
	-0.028927908855135877
	0.028953859138972773
	-2.4853534642137132e-05
	-0.029068564278109228
	0.029093417812751383
	-2.167817204362192e-05
	-0.029508529749602014
	0.02953020792164568
	-1.962957702717752e-05
	-0.029823216038065987
	0.029842845615093212
	-1.879584258644311e-05
	-0.029959550903430155
	0.029978346746016647
	-1.6383335121194252e-05
	-0.03038601100107337
	0.03040239433619462
	-0.03069104249054416
	0.030705870547565184
	-1.3590160080941989e-05
	-0.030954709075495815
	0.030968299235576802
	-1.0306034548644613e-05
	-0.031771228779149174
	0.03178153481369788
	-8.429629285490279e-06
	-0.032347558755036566
	0.032355988384322104
	-7.720286128188728e-06
	-0.032595245519256154
	0.032602965805384396
	-5.841688294692908e-06
	-0.03336214574618287
	0.033367987434477595
	-0.03390329742026323
	0.033908068320149996
	-4.3666565725437186e-06
	-0.034135817471820755
	0.03414018412839333
	-3.2976857917006276e-06
	-0.034855540864706866
	0.03485883855049858
	-2.6896395025007993e-06
	-0.03536317945200969
	0.0353658690915122
	-2.4603616694165267e-06
	-0.03558123601697209
	0.03558369637864151
	-1.8548616112752368e-06
	-0.03625592161093842
	0.036257776472549685
	-0.036731527851410546
	0.0367330389191419
	-1.4445795306048575e-06
	-0.0368342903886148
	0.0368357349681454
	-1.2529346850863627e-06
	-0.03715551238504338
	0.03715676531972845
	-1.1300229749867304e-06
	-0.03738504902708118
	0.037386179050056145
	-1.080175087667431e-06
	-0.037484432537984703
	0.037485512713072336
	-9.365343679325547e-07
	-0.037795051293778754
	0.03779598782814665
	-8.444445674958805e-07
	-0.038016971966449216
	0.03801781641101669
	-8.071050342769347e-07
	-0.03811304749341818
	0.03811385459845245
	-6.995365825812278e-07
	-0.0384132852045523
	0.03841398474113485
	-6.305974371667885e-07
	-0.03862774888309292
	0.03862837948053002
	-6.026506109468671e-07
	-0.03872058533158828
	0.03872118798219916
	-5.221609446324823e-07
	-0.03901065772724334
	0.0390111798881879
	-0.039217818949669525
	0.03921828954305873
	-4.298961340199465e-07
	-0.03939598789612188
	0.03939641779225583
	-3.227518969509974e-07
	-0.039946352023963086
	0.03994667477585997
	-2.6217816178146776e-07
	-0.04033344625203305
	0.04033370843019475
	-2.394176194925969e-07
	-0.04049942760947813
	0.04049966702709753
	-1.7954485172171665e-07
	-0.04101179320290475
	0.041011972747756364
	-0.041371824950410405
	0.041371970685047534
	-1.3303887680227637e-07
	-0.0415261120384368
	0.04152624507731346
	-9.96668162196722e-08
	-0.042002016846627556
	0.042002116513443634
	-8.084108247780805e-08
	-0.04233608148782438
	0.0423361623289067
	-7.377624575724957e-08
	-0.04247914781665195
	0.042479221592897534
	-5.521813482060466e-08
	-0.0429200692852917
	0.04292012450342635
	-0.04322922039263109
	0.043229265151678985
	-4.083615302750684e-08
	-0.043361521652943075
	0.04336156248909594
	-3.053771222376286e-08
	-0.04376888244000965
	0.04376891297772168
	-2.4738645762577757e-08
	-0.04405413516103191
	0.044054159899677495
	-2.256467349466043e-08
	-0.04417611056269615
	0.04417613312736944
	-1.686073947357005e-08
	-0.044551282318689434
	0.044551299179428724
	-0.044813615753714175
	0.044813629405090954
	-1.3035718751507483e-08
	-0.04486984032247989
	0.04486985335819851
	-1.1266026525786973e-08
	-0.04504502323295481
	0.04504503449898118
	-1.0135186973631827e-08
	-0.04516966317085308
	0.04516967330603991
	-9.677562198769885e-09
	-0.045223485387745684
	0.04522349506530775
	-8.362300421001148e-09
	-0.04539112935948395
	0.04539113772178428
	-7.52198734640034e-09
	-0.04551035411485034
	0.04551036163683758
	-6.857859342301758e-09
	-0.045612934077700916
	0.04561294093556014
	-5.1170918055911825e-09
	-0.04592765193195422
	0.04592765704904593
	-0.04614694852669668
	0.04614695266569735
	-3.7727969580606955e-09
	-0.04624042994247335
	0.04624043371527021
	-2.8133513460460254e-09
	-0.04652679260231625
	0.046526795415667524
	-2.274598483174544e-09
	-0.04672590726808043
	0.04672590954267888
	-2.0729588305575824e-09
	-0.046810671200302294
	0.04681067327326108
	-1.544883580096344e-09
	-0.0470698690941811
	0.04706987063906465
	-0.0472496518430733
	0.047249653091600015
	-1.1915373668933061e-09
	-0.04728816266229239
	0.047288163853829716
	-1.0279283142638513e-09
	-0.04740774936027678
	0.04740775038820504
	-9.235579716748056e-10
	-0.04749244745575854
	0.04749244837931646
	-8.813644434483408e-10
	-0.04752891911748272
	0.04752891999884708
	-7.602438424865869e-10
	-0.04764210816043569
	0.047642108920679486
	-6.829878544026699e-10
	-0.047722212300417066
	0.04772221298340489
	-6.517581684384722e-10
	-0.04775668897284829
	0.04775668962460644
	-5.621185910117729e-10
	-0.04786361911870926
	0.047863619680827814
	-5.049496472747361e-10
	-0.047939229116045284
	0.04793922962099485
	-4.818415875007373e-10
	-0.047971754190548235
	0.04797175467238973
	-4.155196797502539e-10
	-0.048072561755725336
	0.048072562171244934
	-0.04814377566600199
	0.048143776039228925
	-3.3997198704431853e-10
	-0.04820448695067136
	0.04820448729064329
	-2.5297338673230003e-10
	-0.048388750588079635
	0.04838875084105297
	-2.0422318786723113e-10
	-0.048515221994833824
	0.04851522219905699
	-1.8599963105952247e-10
	-0.04856861495375658
	0.04856861513975617
	-1.3833967454666688e-10
	-0.04873008452178034
	0.04873008466011999
	-0.048840344624111034
	0.04884034473575589
	-1.0166847738969895e-10
	-0.048886738488580495
	0.048886738590248995
	-7.558496216186554e-11
	-0.049026411120702176
	0.049026411196287194
	-6.09813367227381e-11
	-0.049121171776665265
	0.04912117183764667
	-5.552500586688324e-11
	-0.049160874596394455
	0.04916087465191949
	-4.126316968190113e-11
	-0.04927971246306659
	0.0492797125043298
	-0.04935966053540982
	0.04935966056869123
	-3.0299803898382986e-11
	-0.04939296953435124
	0.04939296956465112
	-2.25085903782678e-11
	-0.049491900955576894
	0.0494919009780856
	-1.8149736663249716e-11
	-0.04955769910721864
	0.04955769912536856
	-1.6521865417859688e-11
	-0.04958490102814303
	0.0495849010446651
	-1.2269049334435012e-11
	-0.04966482155118918
	0.049664821563458576
	-0.04971710901599008
	0.04971710902588098
	0.05768193274781391
	0.025303428835719198
	-6.188187674341814e-06
	-0.00013123841325265916
	-0.0005531110551406893
	-0.0008722299851589278
	-0.001014715649448482
	-0.0014761401390881808
	-0.0018219737680211468
	-0.0019758754972826623
	-0.002472664996988808
	-0.0028428739418309415
	-0.003007093376816887
	-0.003535293970688865
	-0.003926877751981961
	-0.004274913562929525
	-0.005402800967178625
	-0.006246464316117299
	-0.00662051345854612
	-0.007818949845905742
	-0.00870132725555173
	-0.009089205835172103
	-0.010320329221172046
	-0.011215809037687735
	-0.011411328451395326
	-0.012028613334054325
	-0.012475268569414447
	-0.012670053812811846
	-0.01328408952618183
	-0.013727549038220512
	-0.013921465137043388
	-0.014531971247756998
	-0.014972167689905582
	-0.015163751361232394
	-0.01576626603821653
	-0.0162001185585693
	-0.016388797927032597
	-0.016981650140789936
	-0.01740807233627136
	-0.017593404186206925
	-0.018175310474779747
	-0.018593478339476614
	-0.01877444222076231
	-0.019342306444134285
	-0.0197500934533661
	-0.01992716424387809
	-0.020482539099400395
	-0.020881114822968866
	-0.021226504441398217
	-0.022300787054532648
	-0.023063099781726142
	-0.023391678267540107
	-0.024412497286763896
	-0.02513587583681469
	-0.025447442835977382
	-0.0264146140538027
	-0.027099290505963696
	-0.02739402599647301
	-0.02830836980458574
	-0.028955139515607773
	-0.029094600174595694
	-0.029531118127448602
	-0.02984359044697494
	-0.029979026786710425
	-0.030402895741127367
	-0.030706264543519476
	-0.030968612704321698
	-0.03178165780688968
	-0.032356021592754955
	-0.03260296937163162
	-0.03336792571962237
	-0.03390798016998268
	-0.034140088427781184
	-0.034858730358509706
	-0.03536575984028455
	-0.03558358808994858
	-0.03625767491828268
	-0.036732944558536464
	-0.03683564232736457
	-0.03715667831593332
	-0.03738609624990892
	-0.03748543176171997
	-0.03779591270992637
	-0.03801774546977571
	-0.03811378545781645
	-0.03841392116341042
	-0.03862831979261645
	-0.03872112995053908
	-0.039011126905499405
	-0.03921824003581889
	-0.039396371177988464
	-0.03994663648879076
	-0.04033367541428523
	-0.04049963611845276
	-0.04101194777285513
	-0.0413719493693209
	-0.04152622520489901
	-0.04200210064865823
	-0.042336148893158315
	-0.04247920910650378
	-0.04292011462745738
	-0.043229256838465485
	-0.04336155478258678
	-0.04376890692740949
	-0.044054154831665956
	-0.04417612843876318
	-0.04455129552073386
	-0.044813626352795066
	-0.04486985042485619
	-0.045045031912944955
	-0.04516967094654704
	-0.045223492798617586
	-0.045391135725772795
	-0.04551035981715223
	-0.04561293925733749
	-0.04592765575170091
	-0.046146951590202996
	-0.046240432724598886
	-0.04652679465267151
	-0.046725908911753426
	-0.04681067269271384
	-0.04706987019338373
	-0.04724965272387822
	-0.04728816350132254
	-0.047407750079834124
	-0.04749244809949221
	-0.047528919730658606
	-0.047642108686227154
	-0.04772221277075713
	-0.04775668942084259
	-0.04786361950280859
	-0.047939229459604014
	-0.04797175451777118
	-0.04807256203624246
	-0.04814377591688851
	-0.0482044871783532
	-0.048388750755507325
	-0.048515222128846444
	-0.04856861507535628
	-0.04873008461115864
	-0.04884034469562835
	-0.048886738553464607
	-0.04902641116837308
	-0.04912117181479857
	-0.04916087463098651
	-0.049279712488471766
	-0.04935966055572675
	-0.049392969552779366
	-0.04949190096910634
	-0.04955769911803593
	-0.04958490103795375
	-0.049664821558390033
	-0.04971710902174646
	0
	-0.052220946928977045
	0.05090607146389471
	0.0013148754650823314
	-0.0374092052686922
	0.03239952694131864
	0.005009678327373569
	-0.028703428859280473
	0.021407779702318223
	0.007295649156962263
	-0.025363667970485188
	0.017161761365499788
	0.008201906604985397
	-0.01639710358774041
	0.00565834095280975
	0.010738762634930664
	-0.011210280811086631
	-0.0010888014079030836
	0.012299082218989718
	-0.009242370501700925
	-0.003672776143769549
	0.012915146645470473
	-0.0040385997027630495
	-0.010591352403307216
	0.014629952106070269
	-0.0011014968788535283
	-0.014573894416634528
	0.015675391295488058
	-6.6374608122780345e-06
	-0.016078985149239805
	0.01608562261005208
	0.0028167798608539226
	-0.020034392784220634
	0.01721761292336671
	0.004343547909222588
	-0.022241802125944485
	0.017898254216721893
	0.005377127767124133
	-0.02378496832922957
	0.01840784056210543
	0.007302489667894983
	-0.02689957445422064
	0.019597084786325658
	0.007765308736819942
	-0.027900253210569693
	0.020134944473749746
	0.0078033434496028
	-0.028106236765741168
	0.020302893316138368
	0.007502787978230641
	-0.028127820850158112
	0.020625032871927473
	0.007017819797873627
	-0.02771645833746458
	0.020698638539590957
	0.0067671787606600805
	-0.027465143384554167
	0.020697964623894095
	0.005906135813253438
	-0.02650053193922706
	0.020594396125973635
	0.0052611683428182
	-0.02570335321886567
	0.020442184876047476
	0.005122380662230137
	-0.025524623571170944
	0.02040224290894081
	0.004692935918518998
	-0.024955677917549837
	0.020262741999030824
	0.004392380332444646
	-0.02454285156230058
	0.02015047122985594
	0.004264440770139063
	-0.024363307438648094
	0.020098866668509022
	0.003874954245831909
	-0.02380182151277902
	0.019926867266947115
	0.0036074520608350967
	-0.023402197679288313
	0.01979474561845322
	0.0034942802361722595
	-0.023229392499230773
	0.019735112263058515
	0.003153509091109451
	-0.022694285407697808
	0.019540776316588362
	0.002922516218901462
	-0.02231756436141283
	0.01939504814251137
	0.002825845054538627
	-0.022156151477324464
	0.01933030642278584
	0.0025369952204039817
	-0.02165901500275146
	0.019122019782347476
	0.0023430254335966992
	-0.021311066839784683
	0.018968041406187984
	0.0022622642992202293
	-0.021162396460572327
	0.018900132161352102
	0.002022338806912944
	-0.020705714777089147
	0.018683375970176202
	0.0018623645024447098
	-0.02038693003663399
	0.018524565534189272
	0.0017960197888583274
	-0.020250871265323073
	0.018454851476464744
	0.0015998006912042735
	-0.019833271476519334
	0.018233470785315054
	0.0014696958459189486
	-0.019541918846911893
	0.018072223000992947
	0.0014161071940523235
	-0.019418032640734443
	0.018001925446682124
	0.0012581368262002373
	-0.01903759252308982
	0.017779455696889584
	0.0011538244231369037
	-0.0187718804588732
	0.017618056035736296
	0.0011107981482159515
	-0.018658370981314027
	0.017547572833098074
	0.0009843297716885299
	-0.01830936359511584
	0.01732503382342731
	0.0009011247652557134
	-0.018065146223800937
	0.01716402145854523
	0.0008338627749472344
	-0.017857525453754842
	0.017023662678807606
	0.000650757190130323
	-0.017233328158084527
	0.016582570967954208
	0.0005425024134991352
	-0.01680818974093548
	0.016265687327436343
	0.0005007972021411734
	-0.01662896687957494
	0.01612816967743376
	0.00038805686245749075
	-0.016085577804631896
	0.015697520942174407
	0.0003220058347932822
	-0.01571130598521829
	0.015389300150425007
	0.0002966848052705393
	-0.015552466138345806
	0.015255781333075265
	0.00022859523473336093
	-0.015066995099474971
	0.01483839986474161
	0.00018897931787201122
	-0.014729227926641704
	0.014540248608769691
	0.0001738500924169748
	-0.014585061226478811
	0.014411211134061842
	0.00013333373176147308
	-0.014141545755441107
	0.014008212023679637
	0.00010988896885670416
	-0.013830513876126787
	0.013720624907270074
	0.00010533070819613998
	-0.013763663553020684
	0.013658332844824542
	9.210497279226039e-05
	-0.013554803743951871
	0.013462698771159614
	8.35481584993289e-05
	-0.013405584359090858
	0.013322036200591525
	8.005993235127876e-05
	-0.013340964123170306
	0.013260904190819026
	6.99464983392659e-05
	-0.013138876499777028
	0.01306893000143776
	6.340974767373548e-05
	-0.012994323056989955
	0.01293091330931622
	5.819647539543048e-05
	-0.012869330244681801
	0.012811133769286368
	4.431870250676983e-05
	-0.012481658920715124
	0.012437340218208352
	3.635286020850372e-05
	-0.012207179304644827
	0.012170826444436322
	3.3333624777436995e-05
	-0.012088921715633038
	0.012055588090855598
	2.531448950904096e-05
	-0.011721343797308699
	0.011696029307799654
	2.0725575527100958e-05
	-0.011460443081222984
	0.011439717505695878
	1.8989282062431833e-05
	-0.01134789179677786
	0.011328902514715427
	1.4386456473599958e-05
	-0.010997574267902661
	0.010983187811429054
	1.17593658597945e-05
	-0.010748541039464961
	0.010736781673605169
	1.0766832325434936e-05
	-0.010641025065270782
	0.010630258232945345
	8.139982993732981e-06
	-0.010306104756616814
	0.010297964773623087
	6.644055616591672e-06
	-0.010067797929397037
	0.010061153873780445
	6.354335045063988e-06
	-0.010016050369013067
	0.010009696033968
	5.51840902004745e-06
	-0.009853675748108788
	0.009848157339088748
	4.981570392485611e-06
	-0.00973705322870595
	0.009732071658313468
	4.763678766443702e-06
	-0.009686399835978129
	0.009681636157211683
	4.135214273786492e-06
	-0.009527445413786402
	0.009523310199512613
	3.7317922835845667e-06
	-0.00941326822146113
	0.009409536429177546
	3.5680956537985594e-06
	-0.009363674299208917
	0.009360106203555114
	3.0960967856783717e-06
	-0.009208035334455574
	0.0092049392376699
	2.793241656211919e-06
	-0.009096231837788323
	0.009093438596132113
	2.670383028459543e-06
	-0.009047667140628712
	0.00904499675760025
	2.316241904739933e-06
	-0.008895251864846972
	0.008892935622942227
	2.0891003314971546e-06
	-0.008785758879492046
	0.008783669779160546
	1.9096830463706928e-06
	-0.008691146327498886
	0.008689236644452515
	1.4366229963140761e-06
	-0.008396169707438944
	0.008394733084442633
	1.1686248217603438e-06
	-0.008186091725407034
	0.008184923100585278
	1.0678041971574114e-06
	-0.008095312893744525
	0.008094245089547368
	8.022351621587339e-07
	-0.007812278457284921
	0.007811476222122763
	6.519885087822865e-07
	-0.0076107006983074715
	0.007610048709798686
	5.955100063668711e-07
	-0.007523594946779249
	0.00752299943677288
	4.468713754552987e-07
	-0.00725201665439842
	0.007251569783022968
	3.62880649951663e-07
	-0.007058604661201119
	0.007058241780551168
	3.3133025793222283e-07
	-0.006975029971680624
	0.00697469864142269
	2.483620829900972e-07
	-0.00671447303306602
	0.006714224670983027
	2.015309108806596e-07
	-0.006528923383445315
	0.0065287218525344306
	1.839503460427634e-07
	-0.006448749952698976
	0.006448566002352937
	1.3775159216466369e-07
	-0.006198813748096788
	0.006198675996504619
	1.1170073703364662e-07
	-0.006020844224812056
	0.006020732524075021
	1.019268024960876e-07
	-0.005943950729757329
	0.00594384880295483
	7.625918674638944e-08
	-0.005704258852328121
	0.005704182593141373
	6.179866601251309e-08
	-0.005533602706133172
	0.005533540907467154
	5.902294610472635e-08
	-0.005496678141289378
	0.005496619118343271
	5.104071247449194e-08
	-0.005380801988474424
	0.005380750947761948
	4.593703416711824e-08
	-0.005297567424649337
	0.005297521487615171
	4.3870967751911216e-08
	-0.005261414376206034
	0.005261370505238283
	3.7930373786971905e-08
	-0.005147962068648062
	0.0051479241382742695
	3.413281904304195e-08
	-0.005066471126441317
	0.0050664369936222736
	3.1130143250924985e-08
	-0.004995797439908792
	0.0049957663097655435
	2.3253667713130912e-08
	-0.00477553507855101
	0.004775511824883299
	1.8823296118439288e-08
	-0.004618751814750121
	0.0046187329914540035
	1.716348904397957e-08
	-0.004551027253384228
	0.004551010089895182
	1.2811735948783168e-08
	-0.004339977856563739
	0.004339965044827793
	1.036567057938241e-08
	-0.004189773035635986
	0.0041897626699654075
	9.449644007884496e-09
	-0.004124895589530932
	0.004124886139886919
	7.049073428287696e-09
	-0.003922740444251885
	0.003922733395178459
	5.700617093087425e-09
	-0.003778886414878165
	0.003778880714261075
	5.441190967874543e-09
	-0.003747651509495428
	0.0037476460683044605
	4.696171767827056e-09
	-0.0036496536621180896
	0.0036496489659463187
	4.220699068529166e-09
	-0.0035792831329434123
	0.003579278912244343
	4.028431129462254e-09
	-0.0035487233927217017
	0.0035487193642905705
	3.4763355211545827e-09
	-0.0034528466382705452
	0.003452843161935025
	3.1240375215836543e-09
	-0.0033840018838599455
	0.0033839987598224255
	2.9815902027078095e-09
	-0.0033541054414431043
	0.003354102459852902
	2.5725961164590276e-09
	-0.003260312482381434
	0.0032603099097853173
	2.3116487637412513e-09
	-0.0031929666586241316
	0.003192964346975364
	2.2061466571161033e-09
	-0.0031637218401425363
	0.0031637196339958772
	1.9032595532137234e-09
	-0.003071975986072082
	0.0030719740828125293
	1.710036592106888e-09
	-0.003006102685011904
	0.003006100974975312
	1.5580573546035909e-09
	-0.0029492071723236394
	0.0029492056142662836
	1.160251310453116e-09
	-0.00277198606242658
	0.0027719849021752706
	9.37170348482618e-10
	-0.002645934585149795
	0.0026459336479794453
	8.537425464973202e-10
	-0.002591510126857621
	0.002591509273115078
	6.354453010804358e-10
	-0.0024220076101674065
	0.002422006974722106
	5.130884651317742e-10
	-0.0023014666068055197
	0.002301466093717055
	4.673424911170208e-10
	-0.0022494267890256743
	0.002249426321683182
	3.4768213375681473e-10
	-0.002087372664199911
	0.002087372316517778
	2.806423585955578e-10
	-0.0019721489665292667
	0.0019721486858869063
	2.5558465252911986e-10
	-0.0019224101258503066
	0.0019224098702656568
	1.9005959438049253e-10
	-0.001767542790132689
	0.0017675426000730982
	1.5336482860812294e-10
	-0.0016574493765186412
	0.0016574492231538139
	1.3965272569418307e-10
	-0.001609930511783388
	0.001609930372130661
	1.0380622293516805e-10
	-0.0014619966880792567
	0.0014619965842730368
	8.373984262719043e-11
	-0.0013568524906422657
	0.0013568524069024254
	7.624320367057338e-11
	-0.001311475179910761
	0.0013114751036675562
	5.665055362957015e-11
	-0.0011702296586585774
	0.0011702296020080268
	4.5687006495622806e-11
	-0.001069859379903364
	0.0010698593342163582
	-8.19123854469671
	-238.47384545059572
	-302.31499835607053
	7.4571864495925535
	81.22663129088504
	89.66840667004236
	-3.6059348873152217
	-29.175725395955368
	-17.04518203003435
	0.0001745832720899815
	-1.435000649196293e-06
	-1.96003023772331e-06
	0.0002788001236907067
	-7.206946036593855e-06
	-2.667637136183118e-06
	6.568607967321037e-05
	-1.9152034519576434e-06
	-5.783339670805867e-07
	0.00023857324020013003
	-8.585628869825473e-06
	-1.9590097985934003e-06
	0.0003628672302698382
	-1.3540963680717611e-05
	-2.6675431725997343e-06
	8.408668348001615e-05
	-3.0098210052492007e-06
	-5.784694022510283e-07
	0.0002933852084767391
	-1.030983870059736e-05
	-1.960580439044038e-06
	0.00043149195635232507
	-1.3917855262578936e-05
	-2.6710709917792322e-06
	9.818138206317846e-05
	-2.933253276926756e-06
	-5.79396977132646e-07
	0.0002531553782146205
	-1.8102135292112498e-05
	-3.929316198958344e-06
	0.00041675011698481427
	-2.2689337505678996e-05
	-5.357730297695317e-06
	0.0001023411610932014
	-4.624474870220199e-06
	-1.1629650967236176e-06
	0.00035133767240833134
	-1.2733641091292645e-05
	-3.9502022244125986e-06
	0.0005276709286358321
	-1.446531520690135e-05
	-5.39420806918712e-06
	0.00012012360200841037
	-2.856863800154048e-06
	-1.1719306820295492e-06
	0.00016771031801469344
	-7.042788963083363e-06
	-3.988034789596056e-06
	0.0002677500797897309
	-7.159004977989999e-06
	-5.455714472930922e-06
	6.48809133222512e-05
	-1.3476271220932166e-06
	-1.186539877168801e-06
	0.00010779272785140706
	-1.2902923492881155e-06
	-2.0232752854770708e-06
	0.00015076262484651356
	-7.210996625307355e-07
	-2.7722433496183535e-06
	3.324279321111663e-05
	-5.3705708714344664e-08
	-6.032560468873309e-07
	0.00010972507180314708
	6.246509010137986e-07
	-2.0595380607900585e-06
	0.00014609014093872622
	1.7053641743511945e-06
	-2.8244566867874755e-06
	3.0747950265299245e-05
	4.542077173932857e-07
	-6.148957560229411e-07
	5.279699298736427e-05
	2.190561194640539e-06
	-2.109217936890177e-06
	7.632231401002919e-05
	3.6741922219404805e-06
	-2.894957984024991e-06
	1.7374519982271755e-05
	8.647320789507664e-07
	-6.305069622831304e-07
	5.7888088347851365e-05
	3.4326075496679542e-06
	-2.156448612854191e-06
	8.192777063724598e-05
	5.2181100155494166e-06
	-2.961861412636047e-06
	1.8277639857850706e-05
	1.1848078755058008e-06
	-6.452980669627969e-07
	6.082138347263154e-05
	4.395733856448946e-06
	-2.2085892856196155e-06
	8.328099008078151e-05
	6.402487576813111e-06
	-3.0352148166955146e-06
	1.80119857495867e-05
	1.4288940731276665e-06
	-6.614526653337659e-07
	5.9294718616830665e-05
	5.121884949003847e-06
	-2.265079865188863e-06
	7.63729375785281e-05
	7.283536344213496e-06
	-3.1141320130054866e-06
	1.554590426078917e-05
	1.6090574836663352e-06
	-6.787735823065675e-07
	3.316516524301147e-05
	5.628255188749424e-06
	-2.316370582402897e-06
	4.688887092781657e-05
	7.881895399251519e-06
	-3.1854741848269165e-06
	1.0458297646713085e-05
	1.729518491285428e-06
	-6.94392124136163e-07
	3.500319461902122e-05
	5.990598754958352e-06
	-2.3791791075089636e-06
	4.828674352544009e-05
	8.300555034739518e-06
	-3.2722440127337526e-06
	1.0520933088294375e-05
	1.8125530541266985e-06
	-7.133215346389628e-07
	7.007174675886671e-05
	1.2439325960052441e-05
	-4.888279714276235e-06
	8.660221022679807e-05
	1.708676836993933e-05
	-6.723357220918365e-06
	1.5788312991517153e-05
	3.7103416947373334e-06
	-1.4656321284248845e-06
	4.001332619436319e-05
	1.2581339308144016e-05
	-5.021363761697202e-06
	5.791022111431624e-05
	1.710223526762059e-05
	-6.904776482044216e-06
	1.2937586585904756e-05
	3.6961757851791496e-06
	-1.5047727863570571e-06
	4.3551038389738915e-05
	1.2439428283417105e-05
	-5.152592576954261e-06
	5.606057116359857e-05
	1.6786420919435657e-05
	-7.080655978934999e-06
	1.0882702277931433e-05
	3.614747039236829e-06
	-1.5424070932519106e-06
	3.260091189691432e-05
	1.2108029441990824e-05
	-5.276265920208606e-06
	4.6288908628124416e-05
	1.624975251121307e-05
	-7.243566032361485e-06
	1.0145047229793383e-05
	3.488603525381973e-06
	-1.5769471557636493e-06
	1.706598205673029e-05
	5.831078657402886e-06
	-2.6938961056855282e-06
	2.270559108954492e-05
	7.821565661853404e-06
	-3.694725964676679e-06
	4.7728962732439624e-06
	1.680308428642842e-06
	-8.040194823142909e-07
	1.5853962284019187e-05
	5.609516085117572e-06
	-2.744803942236582e-06
	1.971123086077235e-05
	7.508883150506566e-06
	-3.7618612202764083e-06
	3.861343293826218e-06
	1.610984684051524e-06
	-8.183133307756638e-07
	2.502609436191785e-05
	1.0723005137371574e-05
	-5.582482808149556e-06
	3.465100213141341e-05
	1.4228456650968431e-05
	-7.643597430305162e-06
	7.410094942662799e-06
	3.0318858653913042e-06
	-1.6614878084356578e-06
	2.460537813499474e-05
	1.0073321113737795e-05
	-5.658461099756279e-06
	2.8497180489252564e-05
	1.3310439880463395e-05
	-7.73640787896691e-06
	4.759607980817301e-06
	2.8278741660243274e-06
	-1.6803098473804286e-06
	1.547045015616984e-05
	9.382230809048585e-06
	-5.712789359107657e-06
	2.036742583904825e-05
	1.2344891646434617e-05
	-7.798623486360226e-06
	4.157365675112663e-06
	2.6145824363307085e-06
	-1.6923739825270736e-06
	1.3511315981802643e-05
	8.663915722091996e-06
	-5.743570572933987e-06
	1.3828493032951944e-05
	1.1349077097834736e-05
	-7.828064196004109e-06
	1.852565961191048e-06
	2.395533810358874e-06
	-1.6972800867786425e-06
	2.9901834228699236e-06
	3.998124814654714e-06
	-2.8857831460025335e-06
	3.877709974877583e-06
	5.295097782482248e-06
	-3.927760684292095e-06
	8.072286331081957e-07
	1.1274549678693269e-06
	-8.51200809840243e-07
	2.7360217066309776e-06
	3.7473333571872873e-06
	-2.8807087700460215e-06
	3.5559082870873717e-06
	4.953932444809856e-06
	-3.917535098459225e-06
	7.422213212556734e-07
	1.0533713492619228e-06
	-8.486009653157568e-07
	2.5236618532699135e-06
	3.499317635187106e-06
	-2.869134567294914e-06
	3.308102603780746e-06
	4.617144192903249e-06
	-3.898448312702991e-06
	6.964668855645228e-07
	9.803337381225478e-07
	-8.440739224923618e-07
	2.3817023869084e-06
	3.255029688508972e-06
	-2.8510266834177975e-06
	3.1826797444281415e-06
	4.286095951533119e-06
	-3.8703788527774985e-06
	6.821988341947966e-07
	9.086430909675916e-07
	-8.375817623791784e-07
	4.365190878188166e-06
	5.96417774997779e-06
	-5.630868409509932e-06
	4.413283713088541e-06
	7.64247080026827e-06
	-7.634747700625471e-06
	6.391196270626497e-07
	1.585425678047804e-06
	-1.65070639217438e-06
	1.668847744978316e-06
	5.213202199855063e-06
	-5.558465200134715e-06
	-8.792071941941227e-07
	6.620628477173461e-06
	-7.522492281603474e-06
	-8.543993014286367e-07
	1.3633649270553067e-06
	-1.6247895523637245e-06
	-2.9658550547471932e-06
	4.473008047707103e-06
	-5.4595275490737265e-06
	-3.4095870171523496e-06
	5.616980940944693e-06
	-7.374352469508333e-06
	-4.4661209492847826e-07
	1.145812537418574e-06
	-1.5911132174085827e-06
	-5.973580587613462e-07
	3.748933949304053e-06
	-5.334396512154526e-06
	5.189388661734438e-06
	4.63892433600672e-06
	-7.190621220123826e-06
	2.6239818904703607e-06
	9.34356806617867e-07
	-1.549758196107921e-06
	9.370918178701602e-06
	3.0461764164822203e-06
	-5.183265330474951e-06
	1.3515606875241707e-05
	3.6933976703123187e-06
	-6.9716611899601265e-06
	3.007586361819913e-06
	7.305177902090389e-07
	-1.5007874712339398e-06
	1.0272125444460384e-05
	2.369593762528451e-06
	-5.006744295601147e-06
	1.3363095619412676e-05
	2.786687939418027e-06
	-6.718512352851365e-06
	2.6221138074089594e-06
	5.356517000979731e-07
	-1.4444171104235225e-06
	4.4526809454962025e-06
	8.874991142244279e-07
	-2.4028026067980613e-06
	6.096937073866613e-06
	1.1077955701541139e-06
	-3.2172230671137775e-06
	1.3124380590826853e-06
	2.2441614173545398e-07
	-6.910411017724913e-07
	4.446089844111023e-06
	7.451102528558676e-07
	-2.2945240120331945e-06
	5.823165310799071e-06
	9.219390266556278e-07
	-3.0667233291876297e-06
	1.2000352460513102e-06
	1.852085608343819e-07
	-6.580716444701279e-07
	7.670284210108469e-06
	1.1857849003629407e-06
	-4.36052935004646e-06
	6.144933879673197e-06
	1.2414340488916777e-06
	-5.814255447283577e-06
	2.170277145091943e-07
	2.1005547243660276e-07
	-1.2456204902539278e-06
	2.982628990706397e-07
	6.575780235988872e-07
	-4.112147566971049e-06
	-1.6736409219008156e-06
	5.477712887228646e-07
	-5.4644723898688394e-06
	-8.365307391873982e-07
	6.315365603956218e-08
	-1.1684776556364803e-06
	-3.735543772596085e-06
	1.757533033318089e-07
	-3.841576043165073e-06
	-1.06881592188446e-05
	-7.960572486879859e-08
	-5.084974821897322e-06
	-3.5556937147726715e-06
	-6.884654752444173e-08
	-1.0849483160707528e-06
	-6.2243606175843e-06
	-1.0633961641706241e-07
	-1.7816301704409128e-06
	-9.080741081404238e-06
	-1.9626069003698016e-07
	-2.3483637358465515e-06
	-2.062340394720518e-06
	-5.179266805371458e-08
	-5.000296487229151e-07
	-7.089578137626152e-06
	-1.597897456122403e-07
	-1.628609681065316e-06
	-1.0155137852327626e-05
	-2.580229185695965e-07
	-2.137418520795797e-06
	-2.2713560645230562e-06
	-6.357710849475096e-08
	-4.5399534897693575e-07
	-7.75220428543741e-06
	-1.9499323764117863e-07
	-1.4706150246978144e-06
	-1.080323175111778e-05
	-2.945145564145502e-07
	-1.9197979920261824e-06
	-2.3590284706558097e-06
	-6.980771298960377e-08
	-4.0652079300567685e-07
	-7.953906679334174e-06
	-2.1126967874878497e-07
	-1.3077247389443443e-06
	-1.0573494334453895e-05
	-3.048051429397537e-07
	-1.69558585584296e-06
	-2.208890357195091e-06
	-7.030000509042624e-08
	-3.5764151635719015e-07
	-1.5234160121571415e-05
	-4.4316565726622493e-07
	-2.2715315346784315e-06
	-2.1352464686899e-05
	-7.318578365649083e-07
	-2.917092778814563e-06
	-4.5099774324896e-06
	-1.8130721432866327e-07
	-6.115387335890261e-07
	-1.4584716951685987e-05
	-5.651261617626165e-07
	-1.921882860622826e-06
	-1.4153039245708806e-05
	-8.522949665916725e-07
	-2.4321218815826435e-06
	-1.4821096500708408e-06
	-2.0059647517082437e-07
	-5.053982122369479e-07
	-5.016495509498577e-06
	-6.120015923696097e-07
	-1.5551930541866782e-06
	-8.345257870946986e-06
	-8.670518751126621e-07
	-1.9244391548669675e-06
	-2.090535965190099e-06
	-1.9637866079244596e-07
	-3.9438025380570137e-07
	-7.5121763446167675e-06
	-5.788095462755609e-07
	-1.1725009253478168e-06
	-1.2482389222401046e-05
	-7.694272936997754e-07
	-1.395604228910555e-06
	-3.1180438481265983e-06
	-1.6726104855442686e-07
	-2.7887556822861815e-07
	-1.0706767171939826e-05
	-4.608505395203845e-07
	-7.749275880706647e-07
	-1.4406013438749707e-05
	-5.527359970832403e-07
	-8.469048590608143e-07
	-2.9088761907276835e-06
	-1.1168863188835365e-07
	-1.590722415548914e-07
	-9.109638700020278e-06
	-2.5278059834625004e-07
	-3.6328828140754024e-07
	-6.935706346498421e-06
	-2.0969518273815316e-07
	-2.795617883366674e-07
	-7.312077056885189e-08
	-2.813997101294046e-08
	-3.531380475113207e-08
	-4930675508353629000
	4.6830815589646794e-08
	4.799410003007102e-08
	3.630092518809227e-08
	3.0871225438720346e-08
	1.4609844790347178e-08
	4.137297638750407e-09
	2.0212308478716636e-10
	-1.373965106433837e-08
	-2.1949071223835295e-08
	-2.562049512874725e-08
	-3.575415501696249e-08
	-2.7070739616205243e-08
	-4.8268098107029545e-08
	-6.0701492598955e-08
	-6.621300955510544e-08
	-6.769797489137119e-08
	-6.9074482209597e-08
	-6.232432020195078e-08
	-6.664567714345909e-08
	-6.146197391606464e-08
	-5.6541768860975e-08
	-5.535929256534273e-08
	-5.1757518497302114e-08
	-4.897017927181591e-08
	-4.776170272302004e-08
	-4.3905818385866055e-08
	-3.801781455512325e-08
	-4.002270663121998e-08
	-3.636185552224392e-08
	-3.379400112405578e-08
	-3.2703184306918786e-08
	-2.9394453623607775e-08
	-2.7131070390659807e-08
	-2.6192881586771245e-08
	-2.3302487397352875e-08
	-2.1362757586463735e-08
	-2.0551596708159577e-08
	-1.8142553451803247e-08
	-1.4293320559574347e-08
	-1.5862405877457616e-08
	-1.3914304355853506e-08
	-1.2623456041679311e-08
	-1.2090934449116947e-08
	-1.0530672605201533e-08
	-9.506622661316076e-09
	-8.684786327559275e-09
	-6.474029808049696e-09
	-3.449561830314833e-09
	-4.713016852702939e-09
	-3.432286810363207e-09
	-2.715064068930129e-09
	-2.445580237510709e-09
	-1.7459025929004994e-09
	9.095908906140791e-11
	-1.21481153726262e-09
	-8.493199508311576e-10
	-6.50272942359069e-10
	-6.13634693663196e-10
	-5.073474794349305e-10
	-4.4130233372495074e-10
	-4.1506005778808003e-10
	-3.4101876684325216e-10
	9.639189971504788e-10
	-2.593971521071492e-10
	-1.7036171996500354e-10
	-1.2419690361500472e-10
	-1.075725817763821e-10
	-6.679991133324195e-11
	1.0847299928871565e-09
	-3.8696147826244314e-11
	-2.1125475554933234e-11
	-1.2590329456108074e-11
	-9.687162115029357e-12
	-2.9363828708128914e-12
	1.0442732843753837e-09
	6.607314440241597e-13
	2.0072933858172533e-12
	2.7375870835617085e-12
	2.9905633925031596e-12
	3.6259212338673037e-12
	3.966564847475332e-12
	4.036761411787559e-12
	4.2609064113585604e-12
	4.350480590392111e-12
	4.3442049191197285e-12
	4.347164581104251e-12
	9.905064599647556e-10
	4.167721858964681e-12
	3.795599601870999e-12
	3.472420064631285e-12
	3.32194085630246e-12
	2.844174183933858e-12
	9.525968758306052e-10
	2.366102411995294e-12
	1.962614754589215e-12
	1.6970123498294148e-12
	1.5903845280664629e-12
	1.2897231668367107e-12
	9.318033264086766e-10
	1.0277518907664516e-12
	8.210282476575169e-13
	6.944882550142945e-13
	6.443705679969133e-13
	5.108844527311908e-13
	9.254467791336534e-10
	4.12045777988308e-13
	3.666416745979368e-13
	3.3480077786517486e-13
	3.2196774185176e-13
	2.8604578100107136e-13
	2.6065874564447145e-13
	2.4030495010371804e-13
	1.8879255753085253e-13
	9.31156656086142e-10
	1.4441020152296906e-13
	1.1391049754873717e-13
	9.51604168827964e-14
	8.915798502487594e-14
	7.364267495652733e-14
	9.473268218709216e-10
	5.774681976238501e-14
	5.578247287054513e-14
	4.9134177933333295e-14
	4.6075553777544143e-14
	4.5895199235436344e-14
	3.997067882905805e-14
	3.7122911888177196e-14
	3.833288234136251e-14
	3.2923425816770244e-14
	3.034087679787239e-14
	3.2588678539733237e-14
	9.730429296936328e-10
	2.4269490065067208e-14
	2.5670957816184296e-14
	2.1196570221428273e-14
	1.821094026819031e-14
	2.176827134647417e-14
	1.0074633583662716e-09
	1.5454365650447598e-14
	2.0748411229050458e-14
	1.684900793117335e-14
	1.4025812576226073e-14
	2.0403164329320526e-14
	1.0502827531959617e-09
	1.3913177080635935e-14
	2.1461374610215013e-14
	2.0043318808933617e-14
	1.870692483547372e-14
	3.0426650458701715e-14
	1.1013013416439998e-09
	-877.4974143443236
	-285607086633121380
	4645068421720503000
	8.191238544696843
	238.47384545059546
	302.314998356069
	-7.457186449592491
	-81.22663129088508
	-89.6684066700441
	3.605934887315235
	29.175725395955354
	17.045182030033942
	-0.0001745832720502916
	1.4350006486582414e-06
	1.9600302132429673e-06
	-0.0002788001236705731
	7.206946036477256e-06
	2.6676371182393714e-06
	-6.568607966980441e-05
	1.915203451963577e-06
	5.783339629630357e-07
	-0.00023857324018022733
	8.58562886986291e-06
	1.959009790619899e-06
	-0.00036286723026226553
	1.3540963680805117e-05
	2.667543165740022e-06
	-8.408668347955807e-05
	3.0098210052793187e-06
	5.78469400781826e-07
	-0.00029338520847671534
	1.0309838700745949e-05
	1.960580428679693e-06
	-0.0004314919563607971
	1.391785526273775e-05
	2.6710709821084936e-06
	-9.818138206582356e-05
	2.933253276973892e-06
	5.793969746720998e-07
	-0.00025315537828179805
	1.8102135293391525e-05
	3.929316152204571e-06
	-0.000416750117068782
	2.2689337506854982e-05
	5.357730262029157e-06
	-0.00010234116111518502
	4.624474870599307e-06
	1.1629650870137387e-06
	-0.00035133767264256585
	1.2733641094221724e-05
	3.950202161798429e-06
	-0.0005276709288415133
	1.4465315209252317e-05
	5.394208024451131e-06
	-0.00012012360204660769
	2.8568638007524686e-06
	1.1719306713710645e-06
	-0.00016771031827572073
	7.042788966894495e-06
	3.988034715744857e-06
	-0.0002677500799954241
	7.159004980916593e-06
	5.455714421437793e-06
	-6.488091336589759e-05
	1.347627122938631e-06
	1.1865398638708783e-06
	-0.00010779272799925658
	1.2902923516233396e-06
	2.023275246437632e-06
	-0.00015076262495593943
	7.210996642476002e-07
	2.772243322380395e-06
	-3.3242793233412885e-05
	5.3705709192449884e-08
	6.032560399579044e-07
	-0.00010972507196957147
	-6.246508984453104e-07
	2.0595380195047705e-06
	-0.00014609014106143535
	-1.705364172460457e-06
	2.824456658048589e-06
	-3.074795028541038e-05
	-4.5420771695096735e-07
	6.148957493449894e-07
	-5.2796993088922966e-05
	-2.1905611922762938e-06
	2.109217896491018e-06
	-7.632231408316314e-05
	-3.6741922202169087e-06
	2.894957955993895e-06
	-1.737451999769718e-05
	-8.647320784642559e-07
	6.305069552551856e-07
	-5.788808847694344e-05
	-3.432607547079864e-06
	2.156448573581527e-06
	-8.192777073058335e-05
	-5.2181100136535e-06
	2.961861385442365e-06
	-1.8277639876745917e-05
	-1.1848078749806228e-06
	6.452980601442658e-07
	-6.082138363307565e-05
	-4.395733853726604e-06
	2.208589248256553e-06
	-8.328099019697513e-05
	-6.402487574813303e-06
	3.0352147908998677e-06
	-1.8011985772017868e-05
	-1.4288940725844158e-06
	6.614526588207547e-07
	-5.929471878447431e-05
	-5.1218849462741255e-06
	2.265079830114803e-06
	-7.637293769992788e-05
	-7.2835363422067876e-06
	3.1141319888981645e-06
	-1.554590427979983e-05
	-1.6090574832029006e-06
	6.787735766537177e-07
	-3.316516534123017e-05
	-5.628255186444129e-06
	2.3163705507641246e-06
	-4.6888870997974824e-05
	-7.881895397571956e-06
	3.1854741632635338e-06
	-1.0458297660497074e-05
	-1.7295184908280008e-06
	6.943921187495996e-07
	-3.5003194733598065e-05
	-5.990598752838948e-06
	2.3791790810786147e-06
	-4.828674360750256e-05
	-8.300555033203656e-06
	3.2722439950309567e-06
	-1.0520933104235022e-05
	-1.8125530537099172e-06
	7.133215303173456e-07
	-7.00717471541508e-05
	-1.2439325957284826e-05
	4.888279682047382e-06
	-8.6602210514896e-05
	-1.708676836737974e-05
	6.72335719068418e-06
	-1.578831303256517e-05
	-3.7103416942022466e-06
	1.4656321225643944e-06
	-4.001332644921821e-05
	-1.258133930350205e-05
	5.021363720412049e-06
	-5.791022129537209e-05
	-1.710223526385561e-05
	6.904776451445782e-06
	-1.2937586618058649e-05
	-3.6961757841846215e-06
	1.5047727792195836e-06
	-4.3551038711836434e-05
	-1.2439428274896078e-05
	5.152592533559778e-06
	-5.60605713917957e-05
	-1.6786420912586742e-05
	7.080655947522679e-06
	-1.088270231055487e-05
	-3.614747037694832e-06
	1.5424070863539136e-06
	-3.2600912162203585e-05
	-1.2108029430476888e-05
	5.27626587541774e-06
	-4.6288908815035775e-05
	-1.6249752501995875e-05
	7.243566000228504e-06
	-1.0145047261282426e-05
	-3.488603523056363e-06
	1.5769471483477973e-06
	-1.706598216801641e-05
	-5.831078651092517e-06
	2.6938960863572884e-06
	-2.270559116919847e-05
	-7.82156565706725e-06
	3.694725950857687e-06
	-4.772896286783605e-06
	-1.6803084274605458e-06
	8.040194790417525e-07
	-1.5853962394098654e-05
	-5.609516078063697e-06
	2.744803924068504e-06
	-1.9711230939528905e-05
	-7.5088831451576925e-06
	3.761861207300919e-06
	-3.861343304939776e-06
	-1.610984682907644e-06
	8.183133279509817e-07
	-2.5026094603992602e-05
	-1.0723005118734784e-05
	5.5824827712517185e-06
	-3.4651002300986425e-05
	-1.422845663609024e-05
	7.643597404057048e-06
	-7.4100949703835735e-06
	-3.0318858616725132e-06
	1.6614878024882396e-06
	-2.4605378444440403e-05
	-1.0073321089750154e-05
	5.658461070865155e-06
	-2.849718070546994e-05
	-1.3310439861348699e-05
	7.736407858495655e-06
	-4.759608007905128e-06
	-2.8278741621619617e-06
	1.6803098431654495e-06
	-1.5470450352832076e-05
	-9.38223078440558e-06
	5.712789336982245e-06
	-2.0367425976131257e-05
	-1.2344891626870729e-05
	7.798623470794358e-06
	-4.157365697097815e-06
	-2.6145824315778732e-06
	1.6923739791106903e-06
	-1.3511316211943248e-05
	-8.663915697408663e-06
	5.743570560463265e-06
	-1.3828493192632911e-05
	-1.1349077078553498e-05
	7.828064187481616e-06
	-1.8525659784537734e-06
	-2.3955338071746054e-06
	1.697280085318332e-06
	-2.990183435259602e-06
	-3.998124807877166e-06
	2.885783142150335e-06
	-3.877709982918396e-06
	-5.295097777444979e-06
	3.927760681385031e-06
	-8.072286348781192e-07
	-1.1274549664246055e-06
	8.512008091218251e-07
	-2.7360217214421275e-06
	-3.747333345106335e-06
	2.880708762090097e-06
	-3.5559082971357104e-06
	-4.953932435810401e-06
	3.917535092699409e-06
	-7.422213232504792e-07
	-1.0533713468584098e-06
	8.486009639399323e-07
	-2.5236618723345605e-06
	-3.4993176188470197e-06
	2.8691345573054635e-06
	-3.3081026169522636e-06
	-4.617144180649504e-06
	3.898448305512555e-06
	-6.96466887964403e-07
	-9.80333735020087e-07
	8.440739207986551e-07
	-2.3817024070951764e-06
	-3.2550296691445425e-06
	2.8510266731379037e-06
	-3.1826797585104404e-06
	-4.2860959369526774e-06
	3.870378845394021e-06
	-6.821988363880622e-07
	-9.086430877330003e-07
	8.375817607974658e-07
	-4.365190952989382e-06
	-5.9641776866411465e-06
	5.630868384188656e-06
	-4.4132837652036666e-06
	-7.642470749344414e-06
	7.634747682430576e-06
	-6.39119634680166e-07
	-1.5854256661637984e-06
	1.6507063880963398e-06
	-1.668847847039414e-06
	-5.213202107023395e-06
	5.558465173928839e-06
	8.792071233542799e-07
	-6.62062840282492e-06
	7.5224922628511305e-06
	8.543992925556137e-07
	-1.3633649119623317e-06
	1.624789548477308e-06
	2.9658548476475855e-06
	-4.47300790576889e-06
	5.4595275214460105e-06
	3.4095868741440638e-06
	-5.6169808277340665e-06
	7.374352449796504e-06
	4.466120740676805e-07
	-1.1458125112186032e-06
	1.5911132130746173e-06
	5.973577426138857e-07
	-3.748933744489517e-06
	5.334396483307887e-06
	-5.189388879887226e-06
	-4.638924172919707e-06
	7.190621199592286e-06
	-2.6239819124430264e-06
	-9.343567775557485e-07
	1.549758191906235e-06
	-9.370918376135486e-06
	-3.0461761800514057e-06
	5.183265301158064e-06
	-1.3515607011632512e-05
	-3.693397482184897e-06
	6.971661169139166e-06
	-3.007586380875253e-06
	-7.305177478200168e-07
	1.5007874666749973e-06
	-1.0272125690961138e-05
	-2.3695934279723156e-06
	5.006744263497202e-06
	-1.3363095789406364e-05
	-2.786687673837311e-06
	6.718512330101298e-06
	-2.6221138241076537e-06
	-5.356516542682117e-07
	1.4444171057975406e-06
	-4.452681014430083e-06
	-8.874989604951298e-07
	2.4028025928188494e-06
	-6.096937122844162e-06
	-1.1077954538703187e-06
	3.2172230571604517e-06
	-1.3124380658883991e-06
	-2.244161171918402e-07
	6.910410995984053e-07
	-4.4460899354318175e-06
	-7.451100772172209e-07
	2.294523998374104e-06
	-5.823165375617652e-06
	-9.219388939494748e-07
	3.066723319471213e-06
	-1.2000352551542566e-06
	-1.8520853196172544e-07
	6.580716423184527e-07
	-7.670284529486685e-06
	-1.1857843562323864e-06
	4.360529319583555e-06
	-6.144934099477663e-06
	-1.241433619063827e-06
	5.814255425812939e-06
	-2.1702773397385912e-07
	-2.1005540204823444e-07
	1.24562048593593e-06
	-2.982630470439239e-07
	-6.575774738315884e-07
	4.112147539488792e-06
	1.673640819968733e-06
	-5.477708552142588e-07
	5.464472370553858e-06
	8.365307300309145e-07
	-6.315358737721299e-08
	1.1684776519897816e-06
	3.7355437725651917e-06
	-1.7575329676537983e-07
	3.841576027050218e-06
	1.0688159218830169e-05
	7.960572908951912e-08
	5.084974810772706e-06
	3.555693714771634e-06
	6.884654822721387e-08
	1.0849483137959408e-06
	6.22436061758239e-06
	1.0633961803341417e-07
	1.7816301639411102e-06
	9.080741081403249e-06
	1.9626069107581575e-07
	2.3483637312983183e-06
	2.0623403947204184e-06
	5.179266826084199e-08
	5.000296477099925e-07
	7.089578137624341e-06
	1.597897472095281e-07
	1.6286096745429582e-06
	1.0155137852326685e-05
	2.580229195952929e-07
	2.1374185162387493e-06
	2.2713560645229635e-06
	6.357710869721869e-08
	4.539953479610962e-07
	7.752204285435686e-06
	1.949932392082315e-07
	1.4706150185182662e-06
	1.0803231751116886e-05
	2.945145574196435e-07
	1.919797987716166e-06
	2.3590284706557275e-06
	6.980771318366584e-08
	4.0652079204384595e-07
	7.953906679332778e-06
	2.1126968020271853e-07
	1.3077247334329836e-06
	1.057349433445317e-05
	3.048051438708139e-07
	1.6955858520071179e-06
	2.2088903571950325e-06
	7.03000052579552e-08
	3.5764151554227114e-07
	1.5234160121568037e-05
	4.431656607295148e-07
	2.2715315234055504e-06
	2.1352464686897436e-05
	7.318578387543612e-07
	2.9170927711584584e-06
	4.509977432489473e-06
	1.8130721473692394e-07
	6.115387319583152e-07
	1.4584716951683361e-05
	5.651261650119203e-07
	1.921882851408713e-06
	1.415303924570759e-05
	8.522949686321643e-07
	2.4321218753706237e-06
	1.482109650070771e-06
	2.0059647548232783e-07
	5.053982109709877e-07
	5.0164955094983525e-06
	6.120015941350634e-07
	1.5551930465037999e-06
	8.345257870946885e-06
	8.670518762051197e-07
	1.9244391497391753e-06
	2.0905359651900895e-06
	1.9637866100359079e-07
	3.9438025270535237e-07
	7.512176344616633e-06
	5.788095477781664e-07
	1.1725009188603986e-06
	1.2482389222400983e-05
	7.6942729462071e-07
	1.3956042246362608e-06
	3.118043848126592e-06
	1.672610487292727e-07
	2.7887556735062736e-07
	1.070676717193962e-05
	4.6085054089921537e-07
	7.749275830705299e-07
	1.4406013438749614e-05
	5.527359979156842e-07
	8.469048558293708e-07
	2.908876190727676e-06
	1.1168863202998492e-07
	1.5907224092343718e-07
	9.109638700020126e-06
	2.5278059902204686e-07
	3.6328827947389945e-07
	6.9357063464983504e-06
	2.0969518313387343e-07
	2.795617871304165e-07
	7.312077056884788e-08
	2.8139971066333013e-08
	3.531380456630281e-08
	-0.0018736252252375526
	-0.0010549992856935205
	-0.00044554910044756346
	-0.00016661216598482087
	-5.862536592602006e-05
	-1.9804513483480974e-05
	-6.504648296769332e-06
	-2.092858543661197e-06
	-6.628625807961572e-07
	-2.0643598036919018e-07
	-6.39296543455283e-08
	-1.9634525628829724e-08
	-5.988472096684968e-09
	-1.8156623097444118e-09
	-5.476932829488204e-10
	-1.637240971608625e-10
	-4.897542693326516e-11
	-1.4599588083601876e-11
	-4.338726294553142e-12
	0
	1.3805302882564395e-20
	-0.00024540982707251397
	0.00024241304201903688
	2.9967850534770944e-06
	-0.0008748225403444937
	0.0008264047232529567
	4.8417817091537044e-05
	-0.0012118844538962293
	0.0011001785582562583
	0.00011170589563997129
	-0.0013325578379051826
	0.001186158433316683
	0.0001463994045885
	-0.0016251257263120965
	0.0013443866382123332
	0.00028073908809976404
	-0.0017655433404680197
	0.0013666438245120772
	0.00039889951595594407
	-0.0018111307201301792
	0.0013558224598008654
	0.0004553082603293153
	-0.0019033886896365462
	0.0012531030295762902
	0.0006502856600602583
	-0.0019291092131654792
	0.0011235093109424736
	0.0008055999022230074
	-0.0019314931991998867
	0.0010548539712488937
	0.0008766392279509945
	-0.0019106608836664378
	0.0007984716406679214
	0.0011121892429985186
	0.0005815316820015769
	0.001292093543235977
	-0.0018295352284634133
	0.00037492644850956985
	0.0014546087799538446
	-0.001646858793343853
	-0.00034597905876406095
	0.001992837852107915
	-0.0014912175762681623
	-0.0009089655445791941
	0.002400183120847358
	-0.0014213640672055422
	-0.001159736384353526
	0.00258110045155907
	-0.0012040824448203628
	-0.0019559303534191596
	0.0031600127982395246
	-0.0025284226873445665
	0.0035834219730380887
	-0.0009932824808543356
	-0.0027753063729282186
	0.003768588853782556
	-0.000814130177773117
	-0.0035382088076770925
	0.004352338985450211
	-0.0006997400759550938
	-0.004072949459669765
	0.004772689535624862
	-0.0006765211163986402
	-0.004187500035214407
	0.004864021151613049
	-0.000607196223628648
	-0.004544143285534054
	0.005151339509162703
	-0.0005606842653129857
	-0.004797591361844631
	0.005358275627157617
	-0.0005413275567771938
	-0.004906948499766418
	0.005448276056543611
	-0.0004838507296844499
	-0.005247220413897119
	0.005731071143581568
	-0.005488914298986879
	0.0059344633994344404
	-0.0004296098898741399
	-0.005593580864754686
	0.006023190754628823
	-0.00038249502880224136
	-0.005919243411033566
	0.006301738439835808
	-0.0003512771169365228
	-0.006150586297328186
	0.00650186341426471
	-0.0003383758728367687
	-0.006250408878326225
	0.006588784751162994
	-0.0003003725219187422
	-0.006561115820634901
	0.006861488342553647
	-0.0002753013706576627
	-0.006781963572247952
	0.00705726494290562
	-0.0002649658520526058
	-0.00687729625314434
	0.0071422621051969535
	-0.00023460642498723613
	-0.0071741952797029895
	0.007408801704690234
	-0.00021464993035016138
	-0.007385393535795997
	0.007600043466146167
	-0.00020643971644314694
	-0.007476605922067257
	0.0076830456385104115
	-0.00018237998008878127
	-0.0077608550110143575
	0.007943234991103151
	-0.007963226576256893
	0.008129838742241725
	-0.00016016044306310523
	-0.008050341753777036
	0.008210502196840148
	-0.0001412861329533336
	-0.008322011128746585
	0.008463297261699925
	-0.0001289434459254485
	-0.008515600105332389
	0.008644543551257843
	-0.000123880566385739
	-0.00859929488528925
	0.008723175451674996
	-0.00010909445302461201
	-0.008860454765441787
	0.008969549218466405
	-9.944640656206918e-05
	-0.009046697210656714
	0.009146143617218789
	-9.169550312994845e-05
	-0.009207338774173157
	0.009299034277303112
	-7.08100091152671e-05
	-0.00970306849189652
	0.009773878501011793
	-0.010051635540050825
	0.010110260905976847
	-5.3965109415228745e-05
	-0.010201163736062282
	0.01025512884547751
	-4.146463177060885e-05
	-0.010663345311122912
	0.01070480994289353
	-3.421561009773019e-05
	-0.010988936965226848
	0.01102315257532459
	-3.1452292904904036e-05
	-0.011128747277909658
	0.011160199570814579
	-2.4066775405592758e-05
	-0.01156134602172344
	0.01158541279712905
	-0.011866457524012362
	0.011886262037495852
	-1.8184105439462073e-05
	-0.011997550785458787
	0.012015734890898256
	-1.3865913831058273e-05
	-0.012403417408529556
	0.012417283322360619
	-1.1383653928583323e-05
	-0.012689853619890057
	0.012701237273818644
	-1.0902541145472149e-05
	-0.012751555166908672
	0.012762457708054151
	-9.509599582809629e-06
	-0.012944555547925094
	0.012954065147507915
	-8.610939018878127e-06
	-0.013082599502529343
	0.013091210441548238
	-8.245203352889876e-06
	-0.013142405743395993
	0.013150650946748896
	-7.186904713184892e-06
	-0.013329481699729957
	0.013336668604443162
	-0.01346329036769228
	0.013469795015989069
	-5.961617998786286e-06
	-0.013578953424577869
	0.013584915042576681
	-4.520965220084023e-06
	-0.013937137473380197
	0.013941658438600305
	-3.6978394200042024e-06
	-0.014189957097065758
	0.014193654936485785
	-3.386670684043905e-06
	-0.014298610259562597
	0.014301996930246667
	-2.562583065506205e-06
	-0.014635027650446098
	0.014637590233511619
	-0.01487241555029836
	0.014874508408842031
	-1.9155284604705438e-06
	-0.014974415505868269
	0.01497633103432875
	-1.4466012801213134e-06
	-0.015290137756939794
	0.01529158435821992
	-1.179868608820973e-06
	-0.015512824415589746
	0.015514004284198569
	-1.0792909225908655e-06
	-0.015608479649574547
	0.01560955894049713
	-8.136752106800573e-07
	-0.015904445094908185
	0.01590525877011886
	-0.016113080070997238
	0.016113742933578024
	-6.336960918075677e-07
	-0.0161581590831464
	0.016158792779238196
	-5.496269304722376e-07
	-0.01629907006757256
	0.01629961969450302
	-4.957090473253616e-07
	-0.01639976128595434
	0.016400256995001652
	-4.7384219215410105e-07
	-0.01644335801504776
	0.016443831857239896
	-4.1083108006787035e-07
	-0.016579617658368604
	0.016580028489448666
	-3.704338950076438e-07
	-0.01667696796687235
	0.01667733840076735
	-3.5405410021652054e-07
	-0.01671911357718229
	0.016719467631282504
	-3.068668696091347e-07
	-0.016850819350473483
	0.016851126217343085
	-2.7662522067521177e-07
	-0.016944898487029545
	0.0169451751122502
	-2.643657401974743e-07
	-0.016985623205428516
	0.01698588757116869
	-2.2905720515754854e-07
	-0.017112869742966604
	0.01711309880017174
	-0.017203745499021778
	0.017203951935002133
	-1.8858324809403658e-07
	-0.017281903165426653
	0.017282091748674743
	-1.415821084185577e-07
	-0.017523332307606197
	0.017523473889714602
	-1.1501012783189846e-07
	-0.017693139572829242
	0.017693254582957056
	-1.0502572310352793e-07
	-0.01776595088940786
	0.01776605591513094
	-7.876123704492884e-08
	-0.017990711151651895
	0.017990789912888914
	-0.018148646873768524
	0.018148710803422837
	-5.8360384113134575e-08
	-0.018216328245840685
	0.01821638660622476
	-4.3721007104997864e-08
	-0.018425094195124656
	0.018425137916131724
	-3.546269134952396e-08
	-0.018571638883771103
	0.018571674346462404
	-3.236354774113989e-08
	-0.01863439802684807
	0.018634430390395758
	-2.422263052423935e-08
	-0.018827817776714023
	0.018827841999344494
	-0.018963433604259998
	0.018963453238785576
	-1.791366278542772e-08
	-0.019021470416927425
	0.01902148833059016
	-1.3396028725978165e-08
	-0.01920016804710336
	0.019200181443132014
	-1.085214265066693e-08
	-0.019325300329999268
	0.01932531118214185
	-9.898482640476687e-09
	-0.019378807481176274
	0.019378817379658846
	-7.396328469996536e-09
	-0.019543384695855467
	0.019543392092183882
	-0.019658462937657793
	0.01965846892612984
	-5.718400303840738e-09
	-0.019683127062225227
	0.01968313278062549
	-4.9420864883793176e-09
	-0.019759974839289426
	0.019759979781375864
	-4.446019231796989e-09
	-0.01981465084698296
	0.019814655293002147
	-4.245272214965795e-09
	-0.019838261127881087
	0.01983826537315326
	-3.6683041556669485e-09
	-0.019911801786221414
	0.01991180545452554
	-3.299682629480455e-09
	-0.01996410230683779
	0.01996410560652039
	-3.008348499554762e-09
	-0.02000910122879327
	0.02000910423714174
	-2.2447231252584123e-09
	-0.020147159030414544
	0.020147161275137635
	-0.020243358230313778
	0.020243360045976055
	-1.655019081230851e-09
	-0.02028436587757672
	0.020284367532595774
	-1.2341374878297294e-09
	-0.020409985059170747
	0.020409986293308213
	-9.978018784577434e-10
	-0.020497331018907217
	0.020497332016709082
	-9.093482785626218e-10
	-0.020534514553241765
	0.020534515462590032
	-6.776966350858012e-10
	-0.02064821732202389
	0.02064821799972051
	-0.020727082917814055
	0.020727083465507317
	-5.226936673585661e-10
	-0.020743976522571986
	0.02074397704526563
	-4.509230136568533e-10
	-0.0207964358171552
	0.02079643626807818
	-4.0513870286047737e-10
	-0.020833590470778082
	0.02083359087591675
	-3.866295980516284e-10
	-0.02084958955494526
	0.02084958994157482
	-3.3349742371249047e-10
	-0.02089924237961509
	0.020899242713112488
	-2.996074116499413e-10
	-0.020934381795180916
	0.020934382094788304
	-2.859078336588262e-10
	-0.020949505734095552
	0.020949506020003356
	-2.465854919786856e-10
	-0.02099641295802675
	0.020996413204612215
	-2.215070968807306e-10
	-0.02102958092060571
	0.02102958114211275
	-2.1137024608241734e-10
	-0.0210438487488295
	0.021043848960199684
	-1.8227670512305883e-10
	-0.021088070170166277
	0.021088070352442926
	-0.021119309693964437
	0.021119309857688482
	-1.4913607381923222e-10
	-0.021145942013617677
	0.021145942162753697
	-1.1097225393776739e-10
	-0.021226773248183887
	0.02122677335915609
	-8.958692357613557e-11
	-0.02128225266934942
	0.0212822527589363
	-8.159276577227771e-11
	-0.021305674646943974
	0.0213056747285367
	-6.068569382638803e-11
	-0.021376506769395332
	0.021376506830080987
	-0.021424874750838346
	0.021424874799813757
	-4.459907912089981e-11
	-0.02144522642409363
	0.021445226468692697
	-3.315698035769749e-11
	-0.021506496848623966
	0.021506496881780943
	-2.6750783834116814e-11
	-0.021548065662295165
	0.021548065689045943
	-2.4357246153628895e-11
	-0.021565482163888254
	0.021565482188245482
	-1.8100982887432144e-11
	-0.021617612967401265
	0.021617612985502237
	-0.021652683920518157
	0.021652683935117732
	-1.3291665092085242e-11
	-0.02166729563417186
	0.02166729564746352
	-9.873880557638042e-12
	-0.021710694044338598
	0.021710694054212477
	-7.961774989328573e-12
	-0.02173955782833953
	0.021739557836301337
	-7.247674018719559e-12
	-0.02175149053997932
	0.02175149054722704
	-5.382084155597755e-12
	-0.021786549408000497
	0.021786549413382674
	-0.021809486436660294
	0.021809486440999105
	0.025303428835719177
	0.011099896975428071
	-1.5470469185854534e-06
	-5.7570571790128164e-05
	-0.0002426341413210083
	-0.0003826225701267919
	-0.00044512699213053523
	-0.0006475408361274434
	-0.0007992482460882419
	-0.0008667605721936891
	-0.00108468804364485
	-0.001247088213748627
	-0.001319126624888142
	-0.001550833252966251
	-0.0017226099579267338
	-0.0018752834027139541
	-0.002370055635691926
	-0.0027401468322630624
	-0.0029042315881933002
	-0.0034299516602697665
	-0.0038170256178786015
	-0.003987176955893473
	-0.004527235887722866
	-0.0049200574998226505
	-0.005005826324393443
	-0.00527661170476576
	-0.0054725466955617245
	-0.005557993460428338
	-0.005827353522335005
	-0.006021886639896308
	-0.006106952135674981
	-0.006374763860946946
	-0.006567865562242934
	-0.006651907888194423
	-0.006916213998015655
	-0.007106532800645578
	-0.007189301091256653
	-0.007449368552353922
	-0.007636427882083891
	-0.007717727711206115
	-0.007972993505199777
	-0.008156431893993064
	-0.008235815619083686
	-0.008484921557112233
	-0.008663806158870293
	-0.008741482095392626
	-0.008985109301771023
	-0.009159953173613065
	-0.009311465808751918
	-0.009782723139357356
	-0.01011712812414585
	-0.010261266191937225
	-0.010709070559381148
	-0.011026396224291184
	-0.011163071835098808
	-0.011587342432777877
	-0.011887690584399148
	-0.01201698268946901
	-0.012418079399960877
	-0.012701798938754671
	-0.012762976376679844
	-0.012954464428992826
	-0.013091537178181635
	-0.013150949261324723
	-0.013336888556574259
	-0.013469967850845949
	-0.01358505255242943
	-0.013941712392227164
	-0.014193669504083945
	-0.01430199849465823
	-0.014637563160954006
	-0.014874469739862348
	-0.014976289053182951
	-0.015291536897461225
	-0.01551395635878185
	-0.01560951143731711
	-0.015905214221140596
	-0.01611370154025518
	-0.01615875214035366
	-0.01629958152840432
	-0.01640022067292413
	-0.016443796346176275
	-0.016579995537214735
	-0.016677307280855844
	-0.01671943730124536
	-0.01685109832759756
	-0.016945148928854434
	-0.016985862114324388
	-0.01711307555816815
	-0.01720393021757935
	-0.017282071300316976
	-0.017523457094262628
	-0.017693240099813417
	-0.01776604235638462
	-0.01799077895710768
	-0.018148701452817773
	-0.018216377888759835
	-0.01842513095670006
	-0.018571668452580434
	-0.018634424912968753
	-0.018827837667036842
	-0.018963449592014462
	-0.019021484949963037
	-0.019200178789031557
	-0.019325308958948843
	-0.01937881532290017
	-0.019543390487218145
	-0.01965846758717415
	-0.019683131493851355
	-0.01975997864695507
	-0.019814654257959495
	-0.019838264378820532
	-0.019911804578931883
	-0.019964104808275998
	-0.020009103500953026
	-0.020147160706029142
	-0.020243359574187166
	-0.02028436709801634
	-0.020409985958603483
	-0.02049733173993997
	-0.020534515207920413
	-0.020648217804212925
	-0.020727083304198198
	-0.020743976890630723
	-0.020796436132804602
	-0.02083359075316579
	-0.02084958982392814
	-0.020899242610264896
	-0.020934382001505762
	-0.02094950593061794
	-0.020996413126520234
	-0.021029581071315175
	-0.021043848892372916
	-0.021088070293221177
	-0.021119309804021224
	-0.02114594211349523
	-0.021226773321629654
	-0.021282252728136945
	-0.021305674700286305
	-0.021376506808603042
	-0.021424874782210956
	-0.021445226452556435
	-0.021506496869535825
	-0.021548065679023145
	-0.021565482179062796
	-0.021617612978545784
	-0.021652683929430597
	-0.021667295642255738
	-0.021710694050273562
	-0.02173955783308475
	-0.021751490544282985
	-0.021786549411159286
	-0.02180948643918543
	0
	-0.022907849154921337
	0.02233105056004754
	0.0005767985948737969
	-0.016410357944412646
	0.014212754067289684
	0.002197603877122961
	-0.012591380608852041
	0.009390986127261693
	0.003200394481590347
	-0.011126322176302335
	0.007528378241174252
	0.0035979439351280828
	-0.00719294454917566
	0.0024821537838134117
	0.004710790765362251
	-0.004917632423516691
	-0.00047762631431850816
	0.0053952587378352
	-0.004054365953470982
	-0.0016111427852063696
	0.005665508738677356
	-0.0017716192108471712
	-0.004646126075261651
	0.006417745286108822
	-0.00048319545755674294
	-0.0063931543667730606
	0.006876349824329804
	-2.911665911889146e-06
	-0.0070533950076385726
	0.0070563066735504585
	0.0012356414800907527
	-0.008788520216524553
	0.007552878736433802
	0.001905391344913208
	-0.009756848123181394
	0.007851456778268184
	0.002358793530564411
	-0.010433791393741114
	0.0080749978631767
	0.003203395219834379
	-0.011800080813680731
	0.008596685593846352
	0.0034064208262327782
	-0.012239050218700432
	0.008832629392467654
	0.0034231055765929245
	-0.012329409365513303
	0.008906303788920381
	0.003291260410892584
	-0.012338877691521312
	0.00904761728062873
	0.0030785186171509897
	-0.012158424617746353
	0.009079906000595368
	0.0029685694988339684
	-0.012048179871716035
	0.00907961037288207
	0.002590854365059648
	-0.011625032173672235
	0.009034177808612591
	0.0023079254181246917
	-0.011275332465997675
	0.008967407047872985
	0.0022470431967471904
	-0.011196928835851489
	0.0089498856391043
	0.0020586579607864506
	-0.010947348505027033
	0.008888690544240577
	0.0019268127447695088
	-0.010766253285017182
	0.008839440540247675
	0.001870689285380138
	-0.010687492367355588
	0.008816803081975445
	0.0016998325876102249
	-0.010441184407641383
	0.008741351820031159
	0.0015824869617093182
	-0.010265880759686336
	0.00868339379797702
	0.0015328416902153058
	-0.010190076025556735
	0.008657234335341428
	0.0013833550484264163
	-0.009955339712727376
	0.00857198466430096
	0.0012820250231474917
	-0.009790082868313626
	0.008508057845166138
	0.0012396181235968897
	-0.00971927561149797
	0.008479657487901079
	0.0011129078891428917
	-0.009501195932008117
	0.008388288042865224
	0.0010278188419673058
	-0.009348560935905586
	0.008320742093938282
	0.0009923912215836178
	-0.009283343454778069
	0.008290952233194452
	0.0008871427090725257
	-0.009083010145401728
	0.008195867436329203
	0.0008169665163580226
	-0.00894316831608428
	0.008126201799726257
	0.000787862971124913
	-0.00888348318985259
	0.00809562021872768
	0.0007017872150401524
	-0.008700293999850854
	0.0079985067848107
	0.0006447139073850056
	-0.008572485859967557
	0.007927771952582555
	0.0006212060848431081
	-0.008518140493014553
	0.007896934408171446
	0.0005519089623182196
	-0.00835125219741669
	0.0077993432350984705
	0.0005061500679494113
	-0.00823469184675902
	0.007728541778809609
	0.0004872756607708541
	-0.008184898456510544
	0.007697622795739691
	0.00043179756887990855
	-0.008031798809201294
	0.007600001240321386
	0.0003952978910994665
	-0.007924667571027808
	0.007529369679928346
	0.0003657919625696369
	-0.007833590224458184
	0.0074677982618885416
	0.00028546873284892243
	-0.007559772564438098
	0.007274303831589177
	0.00023798043094701112
	-0.007373276391872366
	0.0071352959609253565
	0.00021968553690647092
	-0.007294656402871699
	0.0070749708659652265
	0.00017022954564187547
	-0.0070562870186826835
	0.00688605747304081
	0.00014125483209795803
	-0.006892104580671258
	0.0067508497485732994
	0.00013014721420004437
	-0.0068224260423465025
	0.0066922788281464606
	0.00010027824968259816
	-0.006609463658828999
	0.006509185409146401
	8.289986991426556e-05
	-0.00646129477450616
	0.006378394904591893
	7.62631075624428e-05
	-0.00639805292971568
	0.006321789822153237
	5.8489728625731055e-05
	-0.006203495264527728
	0.006145005535901998
	4.820517570818667e-05
	-0.006067054395628997
	0.006018849219920808
	4.620559596553986e-05
	-0.006037729053831671
	0.005991523457866132
	4.040384074254409e-05
	-0.005946108175964765
	0.00590570433522222
	3.6650208864980836e-05
	-0.005880649861621378
	0.005843999652756395
	3.5120022931614604e-05
	-0.005852302795857964
	0.005817182772926348
	3.068354610746713e-05
	-0.005763652683881521
	0.0057329691377740535
	2.7816058882217074e-05
	-0.005700241186064477
	0.005672425127182262
	2.5529144109925266e-05
	-0.005645410382369959
	0.005619881238260033
	1.944135852510872e-05
	-0.005475349961535472
	0.005455908603010362
	1.594696930982402e-05
	-0.005354943534405938
	0.005338996565096114
	1.4622516309916973e-05
	-0.005303067282253882
	0.005288444765943963
	1.1104748979286819e-05
	-0.005141821268903988
	0.005130716519924701
	9.09172249345611e-06
	-0.005027371520288149
	0.00501827979779469
	8.330059767741623e-06
	-0.00497799846219772
	0.004969668402429977
	6.310930654307944e-06
	-0.0048243240924335665
	0.004818013161779256
	5.158500469937406e-06
	-0.004715080274251321
	0.004709921773781384
	4.723104142918805e-06
	-0.004667916064036318
	0.004663192959893399
	3.5707798021676557e-06
	-0.0045209960183312985
	0.004517425238529134
	2.9145588655983303e-06
	-0.004416457568311172
	0.0044135430094455735
	2.7874666633320592e-06
	-0.004393757380414858
	0.004390969913751525
	2.420769611442215e-06
	-0.004322528236919593
	0.004320107467308153
	2.1852737228393675e-06
	-0.004271369243457056
	0.004269183969734218
	2.089690842883607e-06
	-0.004249149035896053
	0.004247059345053168
	1.8140012845039822e-06
	-0.0041794202366265175
	0.004177606235342012
	1.6370314928628448e-06
	-0.0041293339388373
	0.004127696907344436
	1.5652224215450276e-06
	-0.004107578490942037
	0.004106013268520489
	1.3581698974516531e-06
	-0.004039304088870262
	0.004037945918972814
	1.2253159369318014e-06
	-0.003990259064081084
	0.003989033748144153
	1.1714213395059867e-06
	-0.003968955108059376
	0.00396778368671987
	1.016069667067784e-06
	-0.003902094846960274
	0.0039010787772932043
	9.164290974753972e-07
	-0.00385406337798971
	0.0038531469488922335
	8.377238202797848e-07
	-0.0038125595333319486
	0.0038117218095116696
	6.302057857513214e-07
	-0.0036831616515633184
	0.0036825314457775682
	5.126425832911882e-07
	-0.0035910063957480145
	0.003590493753164725
	4.6841543315448013e-07
	-0.0035511842955280966
	0.0035507158800949434
	3.519178253603942e-07
	-0.0034270251111900014
	0.0034266731933646414
	2.8600887743839546e-07
	-0.0033385986622800875
	0.0033383126534026492
	2.612333593768822e-07
	-0.0033003878381974
	0.0033001266048380213
	1.960298053289771e-07
	-0.003181254139529078
	0.00318105810972375
	1.5918545486427778e-07
	-0.0030964097805988894
	0.0030962505951440253
	1.4534519221750993e-07
	-0.003059747933326976
	0.0030596025881347577
	1.0894940569877292e-07
	-0.002945448990142944
	0.002945340040737244
	8.840589797781531e-08
	-0.0028640536184726343
	0.002863965212574655
	8.0693802524767e-08
	-0.0028288838070123497
	0.0028288031132098265
	6.042771875527495e-08
	-0.0027192438787826396
	0.002719183451063884
	4.899994705075795e-08
	-0.002641173693668519
	0.0026411246937214673
	4.471239902255018e-08
	-0.0026074426970225948
	0.0026073979846235706
	3.345274357125659e-08
	-0.0025022966647364328
	0.00250226321199286
	2.7109323025402047e-08
	-0.0024274346508455116
	0.002427407541522483
	2.5891693382830264e-08
	-0.00241123689091781
	0.0024112109992244267
	2.2390113754842232e-08
	-0.0023604053073207573
	0.002360382917207002
	2.0151274751030777e-08
	-0.002323892663550165
	0.002323872512275414
	1.9244949979708997e-08
	-0.0023080333459978408
	0.0023080141010478603
	1.6638979800260712e-08
	-0.0022582650346083416
	0.002258248395628538
	1.4973100180156946e-08
	-0.002222517268216754
	0.0022225022951165734
	1.3655911424455143e-08
	-0.002191514725261889
	0.002191501069350467
	1.0200724873785877e-08
	-0.002094891870924276
	0.0020948816701994027
	8.257246439174652e-09
	-0.0020261154972968168
	0.002026107240050378
	7.529136124750306e-09
	-0.0019964066519562096
	0.001996399122820083
	5.620145397335817e-09
	-0.0019038252640090263
	0.0019038196438636293
	4.547125856316795e-09
	-0.001837934666796479
	0.001837930119670624
	4.145290965227719e-09
	-0.0018094747702160437
	0.001809470624925077
	3.0922286988935353e-09
	-0.0017207950383022986
	0.0017207919460735996
	2.500699128187395e-09
	-0.0016576903533240127
	0.001657687852624885
	2.386896240788492e-09
	-0.0016439884857219346
	0.0016439860988256933
	2.060077436154029e-09
	-0.0016009996079392268
	0.001600997547861789
	1.8515010407927372e-09
	-0.0015701300515239072
	0.001570128200022866
	1.7671585459800196e-09
	-0.0015567243597396393
	0.0015567225925810922
	1.5249698524006474e-09
	-0.0015146659452988267
	0.001514664420328975
	1.3704267062809972e-09
	-0.0014844657030226656
	0.0014844643325959595
	1.3079391053233031e-09
	-0.0014713509811834532
	0.001471349673244348
	1.128524993093885e-09
	-0.0014302066687124323
	0.001430205540187438
	1.0140547863095286e-09
	-0.0014006639648249572
	0.0014006629507701696
	9.677740027116685e-10
	-0.0013878350919351067
	0.0013878341241611032
	8.349060159131262e-10
	-0.0013475887863961856
	0.00134758795149017
	7.501445800026927e-10
	-0.0013186920364755912
	0.0013186912863310102
	6.83475596536335e-10
	-0.001293733587828013
	0.0012937329043524166
	5.089693612375189e-10
	-0.0012159917104524274
	0.0012159912014830666
	4.1111006670758303e-10
	-0.0011606965004452476
	0.0011606960893351807
	3.745126548336639e-10
	-0.0011368220333163577
	0.0011368216588037035
	2.7875184115584865e-10
	-0.0010624660839882068
	0.0010624658052363666
	2.2507736557045734e-10
	-0.0010095881626867723
	0.0010095879376094067
	2.0500990349244913e-10
	-0.00098675976975526
	0.0009867595647453566
	1.5251829662902524e-10
	-0.0009156712188048094
	0.0009156710662865126
	1.2310984758533797e-10
	-0.0008651258487849721
	0.0008651257256751231
	1.1211774222349899e-10
	-0.0008433068292837756
	0.0008433067171660347
	8.337375659685593e-11
	-0.0007753709189972615
	0.0007753708356235066
	6.72768030078705e-11
	-0.0007270760591692504
	0.0007270759918924472
	6.12616921673447e-11
	-0.0007062308801867862
	0.000706230818925093
	4.553684744945415e-11
	-0.0006413365050822146
	0.000641336459545368
	3.673429521175433e-11
	-0.0005952127260998499
	0.0005952126893655555
	3.344573220648843e-11
	-0.0005753069861540174
	0.0005753069527082848
	2.485099201795689e-11
	-0.0005133465797474868
	0.0005133465548964955
	2.0041594653663574e-11
	-0.0004693169835686036
	0.00046931696352700954
	-1.9651229661946035
	-54.30945242598806
	-72.14335188034568
	1.6329905523146608
	17.390209351534413
	33.62565250126577
	-0.799508438658234
	-6.417952145474379
	-8.522591015098023
	7.658473270216947e-05
	-6.294941080580446e-07
	-8.598097059771137e-07
	0.00012230171135284754
	-3.161482937076727e-06
	-1.1702167943997925e-06
	2.881462120513722e-05
	-8.401454657285311e-07
	-2.5369871781658344e-07
	0.0001046553178428251
	-3.766272015664355e-06
	-8.593620682563433e-07
	0.00015917956803025729
	-5.940036932536409e-06
	-1.1701755752392682e-06
	3.688644450889814e-05
	-1.3203231581636322e-06
	-2.5375812938679035e-07
	0.00012869977461747148
	-4.522633993712624e-06
	-8.600510637004272e-07
	0.00018928329011583066
	-6.1053685860734685e-06
	-1.1717231295132205e-06
	4.306938924688414e-05
	-1.2867350661489256e-06
	-2.541650301941788e-07
	0.00011105208844230329
	-7.940893626798394e-06
	-1.7236796354946885e-06
	0.00018281646305970113
	-9.953169208365699e-06
	-2.350284410569579e-06
	4.489416639363275e-05
	-2.028626039504947e-06
	-5.101598223489933e-07
	0.00015412187781499662
	-5.585887397043298e-06
	-1.7328417428230492e-06
	0.00023147427895298206
	-6.345523745265739e-06
	-2.3662861749186328e-06
	5.269481915938851e-05
	-1.2532251680363442e-06
	-5.140927704828752e-07
	7.35697625711312e-05
	-3.0894718821487852e-06
	-1.7494378167614452e-06
	0.00011745437031969694
	-3.140452553611676e-06
	-2.393267290771262e-06
	2.8461417550338005e-05
	-5.911658184210737e-07
	-5.205014102760206e-07
	4.7285614199525826e-05
	-5.660146788115747e-07
	-8.875535156730464e-07
	6.613528998011181e-05
	-3.163259815526743e-07
	-1.2161045750503615e-06
	1.4582671076497469e-05
	-2.3559172062881057e-08
	-2.64631327782777e-07
	4.813327871664167e-05
	2.7401664382630363e-07
	-9.034609672927672e-07
	6.408560373669758e-05
	7.480949227783257e-07
	-1.2390090860193414e-06
	1.3488254195360992e-05
	1.99248050580119e-07
	-2.6973733823962235e-07
	2.316054423204755e-05
	9.609371021115025e-07
	-9.252541207046448e-07
	3.348043571240039e-05
	1.6117639785596007e-06
	-1.2699360066770579e-06
	7.6217094154643386e-06
	3.7933345121004916e-07
	-2.765855319083652e-07
	2.5393863453737935e-05
	1.5057876308291219e-06
	-9.45972879442208e-07
	3.59393906416432e-05
	2.289036950489704e-06
	-1.2992846443540716e-06
	8.017882504908914e-06
	5.197416302420421e-07
	-2.8307397026045544e-07
	2.6680616877353942e-05
	1.928283840690701e-06
	-9.68845514597042e-07
	3.653300965296023e-05
	2.8085898140714855e-06
	-1.3314627034283287e-06
	7.901347577884827e-06
	6.26815326234662e-07
	-2.9016053464512293e-07
	2.601091228018585e-05
	2.2468257414063796e-06
	-9.936263305636014e-07
	3.350264283691756e-05
	3.1950809339890777e-06
	-1.36608144045079e-06
	6.819547532666377e-06
	7.058479074988261e-07
	-2.9775872993977176e-07
	1.4548617887343799e-05
	2.46895601193574e-06
	-1.016126114311009e-06
	2.056881855704105e-05
	3.4575640902584294e-06
	-1.3973772289529118e-06
	4.5877587251339655e-06
	7.586907369354711e-07
	-3.04610141514878e-07
	1.5354909273541964e-05
	2.627905863386336e-06
	-1.0436784338951347e-06
	2.1182025641311457e-05
	3.641218204957979e-06
	-1.43544069286504e-06
	4.6152351178820236e-06
	7.951156459437212e-07
	-3.1291393732653734e-07
	3.073848903883541e-05
	5.456779691669225e-06
	-2.144349746740518e-06
	3.7989934787211604e-05
	7.495480939784612e-06
	-2.9493462315212386e-06
	6.925885371482377e-06
	1.6276217275771835e-06
	-6.429312697111071e-07
	1.755271197770083e-05
	5.519076921945262e-06
	-2.2027299459236596e-06
	2.5403572471007356e-05
	7.502265829370373e-06
	-3.0289297188394697e-06
	5.675352504459947e-06
	1.621407544603012e-06
	-6.601011668589707e-07
	1.910460603728985e-05
	5.456824578028829e-06
	-2.260296307345183e-06
	2.4592183468083388e-05
	7.363727026942686e-06
	-3.1060830686187654e-06
	4.773933006611904e-06
	1.5856870619496036e-06
	-6.766102705060157e-07
	1.430109593882125e-05
	5.311449300176555e-06
	-2.3145482973676633e-06
	2.030563210278774e-05
	7.128305808738906e-06
	-3.1775470911840724e-06
	4.450344646674752e-06
	1.5303514781045067e-06
	-6.917620168521049e-07
	7.486362573391774e-06
	2.5579289183694493e-06
	-1.1817358599797982e-06
	9.960299194881142e-06
	3.4310991445776938e-06
	-1.6207715494454077e-06
	2.093734301836045e-06
	7.371036773700102e-07
	-3.5270055603402884e-07
	6.954683855198293e-06
	2.4607356983538977e-06
	-1.2040676848335492e-06
	8.646758241104313e-06
	3.2939341901953606e-06
	-1.6502218830509507e-06
	1.6938618487834234e-06
	7.066933156790964e-07
	-3.589708621784533e-07
	1.0978238203136158e-05
	4.703878397847478e-06
	-2.4488769660373673e-06
	1.5200412412529672e-05
	6.241620610806242e-06
	-3.3530295261117542e-06
	3.2505986036797083e-06
	1.3300023868541266e-06
	-7.288476047772514e-07
	1.0793681920070472e-05
	4.41888043272045e-06
	-2.482206488873148e-06
	1.2500905295268134e-05
	5.8389126758272205e-06
	-3.3937428391207173e-06
	2.0879051046204066e-06
	1.2405082372881667e-06
	-7.371042997299737e-07
	6.7864479558032815e-06
	4.115718705803078e-06
	-2.5060387562535807e-06
	8.934612377472339e-06
	5.415354035134352e-06
	-3.4210350625111936e-06
	1.8237184763588155e-06
	1.146943201471047e-06
	-7.42396493847016e-07
	5.92703132742055e-06
	3.8006142386227825e-06
	-2.5195416022302724e-06
	6.066167909011321e-06
	4.978518420172649e-06
	-3.433949867301179e-06
	8.126681740609661e-07
	1.0508527784425224e-06
	-7.445486627130096e-07
	1.3117087074237085e-06
	1.753864024741309e-06
	-1.2659112653079436e-06
	1.7010414478282525e-06
	2.322809301536309e-06
	-1.7229972753034574e-06
	3.541083195202435e-07
	4.945825353960726e-07
	-3.7339766701065314e-07
	1.2002151670159429e-06
	1.6438489213227468e-06
	-1.2636852804148476e-06
	1.5598761692337615e-06
	2.1731497386234372e-06
	-1.7185116006545721e-06
	3.255914545175874e-07
	4.620841518984074e-07
	-3.7225718891334535e-07
	1.1070589189308077e-06
	1.535051454372251e-06
	-1.2586080057520298e-06
	1.4511708403043386e-06
	2.025410279162485e-06
	-1.7101387687802139e-06
	3.0552028054199977e-07
	4.300446222266808e-07
	-3.702713035509591e-07
	1.04478532504241e-06
	1.4278892567874545e-06
	-1.2506645903839402e-06
	1.3961513871615976e-06
	1.8801887996166806e-06
	-1.6978254923720364e-06
	2.992612908504324e-07
	3.9859596747367556e-07
	-3.674233769370532e-07
	1.9148855019035558e-06
	2.6163157174351488e-06
	-2.470102357808626e-06
	1.935982465327615e-06
	3.3525353054501965e-06
	-3.349147400557045e-06
	2.803636638112483e-07
	6.954813042446951e-07
	-7.24118103075077e-07
	7.320762003126481e-07
	2.2868840308622736e-06
	-2.4383411222079884e-06
	-3.856832739535125e-07
	2.904282043604781e-06
	-3.299904130241096e-06
	-3.7480075460555717e-07
	5.980695473517549e-07
	-7.127491200927843e-07
	-1.3010365419438497e-06
	1.9621818379698e-06
	-2.3949399791890806e-06
	-1.4956891757580038e-06
	2.4640103190053324e-06
	-3.2349193938683664e-06
	-1.9591606631146475e-07
	5.026354807908985e-07
	-6.979762665424222e-07
	-2.620440475771647e-07
	1.6445510557137495e-06
	-2.3400485402758324e-06
	2.276437706710893e-06
	2.0349646105587645e-06
	-3.15432170283703e-06
	1.1510664755637715e-06
	4.098758456445975e-07
	-6.798349909534801e-07
	4.110756175539379e-06
	1.336271246535601e-06
	-2.2737515748602226e-06
	5.928913620741959e-06
	1.6201888643597976e-06
	-3.058270144278183e-06
	1.3193428834347427e-06
	3.204574471974817e-07
	-6.583529220828014e-07
	4.506090257270968e-06
	1.039473614759816e-06
	-2.196316800552906e-06
	5.862011255916771e-06
	1.2224410071469631e-06
	-2.9472209252336036e-06
	1.1502470004776987e-06
	2.3497521716927481e-07
	-6.336248426780025e-07
	1.953264914424976e-06
	3.893207042267973e-07
	-1.0540413933979961e-06
	2.6745534696094e-06
	4.859585148866562e-07
	-1.4113045636535624e-06
	5.757293739528299e-07
	9.844500004561547e-08
	-3.031401429925195e-07
	1.9503735850796493e-06
	3.2685874692050364e-07
	-1.006542643155992e-06
	2.554457557527269e-06
	4.044285175714236e-07
	-1.3452845947135828e-06
	5.264214460630203e-07
	8.124574568830407e-08
	-2.8867737663117134e-07
	3.36473625994399e-06
	5.201702233519777e-07
	-1.9128406216441664e-06
	2.6956083077920675e-06
	5.445819273723947e-07
	-2.5505490529633518e-06
	9.520390645492574e-08
	9.214538149390254e-08
	-5.464184005285157e-07
	1.308394792172647e-07
	2.884608391472085e-07
	-1.8038825740763879e-06
	-7.341788311604319e-07
	2.40291737155331e-07
	-2.3971091406786945e-06
	-3.6696232285528093e-07
	2.7703718741517766e-08
	-5.125780256842417e-07
	-1.6386771647519262e-06
	7.709799224207759e-08
	-1.6851905162438416e-06
	-4.688592481137344e-06
	-3.4920774984083784e-08
	-2.230634314904766e-06
	-1.5597820424416008e-06
	-3.0201028864374884e-08
	-4.7593607215198747e-07
	-2.7304505662714016e-06
	-4.664817540339431e-08
	-7.815506534154816e-07
	-3.9834637083586966e-06
	-8.609400148416634e-08
	-1.0301606038439972e-06
	-9.046902717526807e-07
	-2.271997535240117e-08
	-2.1934883297906568e-07
	-3.1099969667277234e-06
	-7.009523197591241e-08
	-7.144249022682287e-07
	-4.454771116750221e-06
	-1.1318734041999989e-07
	-9.376249174860443e-07
	-9.963795213054209e-07
	-2.788947533036152e-08
	-1.9915489057569334e-07
	-3.400672274872012e-06
	-8.553800604552427e-08
	-6.451171250601132e-07
	-4.739071539182264e-06
	-1.2919518754512283e-07
	-8.421609602190745e-07
	-1.0348389207006415e-06
	-3.06226649086009e-08
	-1.7832914859201053e-07
	-3.4891533975881096e-06
	-9.267801938498238e-08
	-5.736617740126209e-07
	-4.638292246663212e-06
	-1.3370937615521546e-07
	-7.43805451626451e-07
	-9.689775861629841e-07
	-3.0838619498645626e-08
	-1.5688719546565156e-07
	-6.6827942155378385e-06
	-1.944042118022769e-07
	-9.964564950886803e-07
	-9.36672099796504e-06
	-3.2104528754864705e-07
	-1.2796459137150176e-06
	-1.978399259134135e-06
	-7.953433556440079e-08
	-2.6826470765652674e-07
	-6.397901906122934e-06
	-2.4790482801402764e-07
	-8.430755329744229e-07
	-6.208537132911965e-06
	-3.7387764256237453e-07
	-1.0669029281574157e-06
	-6.501594913828801e-07
	-8.799598751956606e-08
	-2.2170386961456252e-07
	-2.200594381680332e-06
	-2.6846775068330446e-07
	-6.822191091353252e-07
	-3.6608280720488725e-06
	-3.803510800289823e-07
	-8.441969067982268e-07
	-9.170588692818015e-07
	-8.614575191057261e-08
	-1.7300343818253264e-07
	-3.295378821102131e-06
	-2.539073409285798e-07
	-5.143429200623956e-07
	-5.475670324183843e-06
	-3.375259434442264e-07
	-6.122120152155492e-07
	-1.3677974516329545e-06
	-7.337268079397216e-08
	-1.2233480673306697e-07
	-4.69675526269638e-06
	-2.0216206834884196e-07
	-3.3993876667256246e-07
	-6.31950974055446e-06
	-2.4246961398265806e-07
	-3.715131551773852e-07
	-1.276041529429947e-06
	-4.8994636866652195e-08
	-6.978048328443137e-08
	-3.996140274509301e-06
	-1.10887683137616e-07
	-1.5936427122918824e-07
	-3.0424977736329373e-06
	-9.198733261601898e-08
	-1.2263583204276972e-07
	-3.207600935618828e-08
	-1.2344207623523607e-08
	-1.5491165133897432e-08
	2525612138067108400
	2.0543351325831314e-08
	2.1053651235209597e-08
	1.5924186888527418e-08
	1.3542331519564216e-08
	6.408924776666099e-09
	1.814915197658273e-09
	8.8665667884749e-11
	-6.027195455708358e-09
	-9.628435374220298e-09
	-1.1238984970570614e-08
	-1.5684334313282336e-08
	-1.1875166118369938e-08
	-2.1173846424780583e-08
	-2.662802414951679e-08
	-2.9045770407890867e-08
	-2.9697182607859744e-08
	-3.030101734968181e-08
	-2.733991261803558e-08
	-2.923556941444103e-08
	-2.696162574661495e-08
	-2.480327125782007e-08
	-2.428455242557725e-08
	-2.2704556238357554e-08
	-2.1481829530473933e-08
	-2.095170512417523e-08
	-1.9260237964943578e-08
	-1.667733758663953e-08
	-1.7556826909450614e-08
	-1.5950915298979398e-08
	-1.4824470363281539e-08
	-1.434595994606107e-08
	-1.2894513585070483e-08
	-1.1901631518977937e-08
	-1.1490074684753122e-08
	-1.0222140685403896e-08
	-9.371236201239978e-09
	-9.015402917216209e-09
	-7.958623927755458e-09
	-6.270074568869494e-09
	-6.95838782029613e-09
	-6.103810903947522e-09
	-5.537552339099919e-09
	-5.303950211379985e-09
	-4.619507567871383e-09
	-4.170285885362635e-09
	-3.809769581640051e-09
	-2.8399733629679432e-09
	-1.5132249931600441e-09
	-2.0674668973953645e-09
	-1.505646931587717e-09
	-1.1910216454246775e-09
	-1.0728067274102479e-09
	-7.658779778875648e-10
	3.990117403140648e-11
	-5.32903386166217e-10
	-3.7257258747836337e-10
	-2.852563070780067e-10
	-2.691841459285809e-10
	-2.225589578798809e-10
	-1.9358682458269694e-10
	-1.8207508199663596e-10
	-1.495952664447831e-10
	4.2284394065689306e-10
	-1.137901777187091e-10
	-7.473285744968583e-11
	-5.4481661111821013e-11
	-4.718904235674199e-11
	-2.9303227581573176e-11
	4.758402999599817e-10
	-1.6974903164517532e-11
	-9.267147300037503e-12
	-5.523020644994838e-12
	-4.249483426077855e-12
	-1.2881079302694613e-12
	4.580930887277982e-10
	2.898441552980102e-13
	8.805427093061611e-13
	1.200901853506954e-12
	1.311875389316794e-12
	1.590588864414824e-12
	1.7400195617647867e-12
	1.7708128047350545e-12
	1.86913886238986e-12
	1.9084325156834506e-12
	1.9056795566003647e-12
	1.9069778764393395e-12
	4.3450710694153746e-10
	1.828261440905688e-12
	1.6650219549188554e-12
	1.5232522528223632e-12
	1.4572412896975423e-12
	1.2476585934144369e-12
	4.1787724697288743e-10
	1.0379420587260968e-12
	8.609434607383473e-13
	7.444312144989807e-13
	6.976566116556954e-13
	5.657649950492143e-13
	4.087557062587475e-10
	4.5084562217637974e-13
	3.601618197156113e-13
	3.0465231189827567e-13
	2.826671032419223e-13
	2.2411052841765494e-13
	4.05967269152857e-10
	1.80752803568394e-13
	1.6083531037040142e-13
	1.4686761159935636e-13
	1.4123812243249743e-13
	1.2548017631934925e-13
	1.143436035576992e-13
	1.0541497042522456e-13
	8.281794373204639e-14
	4.084720303185286e-10
	6.334866245853767e-14
	4.996930666082991e-14
	4.174417757393097e-14
	3.91110810746787e-14
	3.2304953924899467e-14
	4.1556542368575035e-10
	2.5331892648346153e-14
	2.447018898152597e-14
	2.155377075230692e-14
	2.0212039445753972e-14
	2.0132922706143358e-14
	1.75340032292391e-14
	1.6284768440328893e-14
	1.681554818284976e-14
	1.4442572703883515e-14
	1.3309681553882249e-14
	1.4295728401742984e-14
	4.2684635123390584e-10
	1.0646335950248369e-14
	1.1261120325157793e-14
	9.298332844274906e-15
	7.988622230884964e-15
	9.54912195318006e-15
	4.4194561760628116e-10
	6.779391177955823e-15
	9.101738281666459e-15
	7.391180400640652e-15
	6.1527246886174876e-15
	8.950287880412567e-15
	4.607292723516119e-10
	6.103314149175448e-15
	9.414494175949245e-15
	8.792433100385529e-15
	8.206195526742643e-15
	1.3347305637091828e-14
	4.831096809229041e-10
	-203.39672701110817
	146294908982858700
	-2379317229084251600
	1.9651229661946623
	54.30945242598796
	72.14335188034501
	-1.6329905523146337
	-17.390209351534434
	-33.62565250126654
	0.7995084386582397
	6.4179521454743735
	8.522591015097843
	-7.658473268475863e-05
	6.294941078220167e-07
	8.598096952382811e-07
	-0.0001223017113440155
	3.161482937025578e-06
	1.1702167865283795e-06
	-2.881462120364313e-05
	8.40145465731134e-07
	2.5369871601033047e-07
	-0.00010465531783409435
	3.7662720156807765e-06
	8.593620647585941e-07
	-0.00015917956802693537
	5.940036932574795e-06
	1.1701755722301068e-06
	-3.688644450869719e-05
	1.3203231581768442e-06
	2.5375812874229304e-07
	-0.00012869977461746102
	4.522633993777806e-06
	8.600510591538829e-07
	-0.00018928329011954714
	6.105368586143136e-06
	1.1717231252709411e-06
	-4.306938924804447e-05
	1.286735066169603e-06
	2.541650291148069e-07
	-0.00011105208847177216
	7.940893627359465e-06
	1.723679614985133e-06
	-0.0001828164630965354
	9.95316920888157e-06
	2.350284394923846e-06
	-4.489416640327635e-05
	2.0286260396712512e-06
	5.101598180895445e-07
	-0.00015412187791774865
	5.5858873983282e-06
	1.7328417153559876e-06
	-0.00023147427904320856
	6.345523746297042e-06
	2.3662861552942224e-06
	-5.2694819176144595e-05
	1.2532251682988543e-06
	5.140927658073e-07
	-7.356976268563646e-05
	3.089471883820621e-06
	1.7494377843650178e-06
	-0.00011745437040992866
	3.1404525548954907e-06
	2.3932672681826854e-06
	-2.846141756948444e-05
	5.911658187919329e-07
	5.205014044425988e-07
	-4.728561426438321e-05
	5.660146798359713e-07
	8.87553498547551e-07
	-6.613529002811383e-05
	3.163259823058141e-07
	1.2161045631018407e-06
	-1.45826710862782e-05
	2.3559172272612268e-08
	2.64631324743034e-07
	-4.813327878964735e-05
	-2.7401664269958067e-07
	9.034609491820816e-07
	-6.40856037905266e-05
	-7.480949219489129e-07
	1.2390090734124067e-06
	-1.3488254204183179e-05
	-1.9924805038608647e-07
	2.6973733531019416e-07
	-2.3160544276598467e-05
	-9.609371010743754e-07
	9.252541029826789e-07
	-3.348043574448218e-05
	-1.6117639778035184e-06
	1.2699359943806107e-06
	-7.621709422231035e-06
	-3.7933345099663074e-07
	2.7658552882540507e-07
	-2.5393863510366973e-05
	-1.5057876296938e-06
	9.459728622144036e-07
	-3.5939390682587656e-05
	-2.2890369496580185e-06
	1.2992846324249742e-06
	-8.017882513197705e-06
	-5.197416300116616e-07
	2.8307396726935923e-07
	-2.668061694773622e-05
	-1.928283839496487e-06
	9.68845498206926e-07
	-3.653300970393108e-05
	-2.8085898131942267e-06
	1.3314626921125093e-06
	-7.901347587724743e-06
	-6.268153259963532e-07
	2.901605317880496e-07
	-2.6010912353726368e-05
	-2.2468257402089283e-06
	9.936263151776054e-07
	-3.35026428901722e-05
	-3.19508093310879e-06
	1.3660814298755909e-06
	-6.819547541005815e-06
	-7.058479072955307e-07
	2.977587274600268e-07
	-1.454861793042956e-05
	-2.4689560109244715e-06
	1.0161261004319763e-06
	-2.056881858781749e-05
	-3.457564089521653e-06
	1.3973772194936671e-06
	-4.58775873118061e-06
	-7.586907367348107e-07
	3.046101391519454e-07
	-1.5354909323803578e-05
	-2.6279058624566136e-06
	1.04367842230089e-06
	-2.1182025677309926e-05
	-3.6412182042842396e-06
	1.4354406850993256e-06
	-4.615235124874733e-06
	-7.95115645760891e-07
	3.1291393543076643e-07
	-3.073848921223534e-05
	-5.4567796904551496e-06
	2.1443497326026334e-06
	-3.7989934913592e-05
	-7.495480938661793e-06
	2.9493462182583578e-06
	-6.9258853894889806e-06
	-1.627621727342456e-06
	6.429312671402762e-07
	-1.75527120894985e-05
	-5.519076919908962e-06
	2.2027299278130325e-06
	-2.5403572550431423e-05
	-7.502265827718784e-06
	3.0289297054168037e-06
	-5.675352518564949e-06
	-1.6214075441667404e-06
	6.601011637279634e-07
	-1.9104606178584896e-05
	-5.456824574290895e-06
	2.2602962883092533e-06
	-2.4592183568186996e-05
	-7.363727023938261e-06
	3.1060830548390716e-06
	-4.7739330209228814e-06
	-1.5856870612731737e-06
	6.766102674800598e-07
	-1.430109605519613e-05
	-5.31144929512572e-06
	2.3145482777191794e-06
	-2.0305632184780453e-05
	-7.128305804695584e-06
	3.1775470770882456e-06
	-4.450344660488103e-06
	-1.5303514770843273e-06
	6.917620135989809e-07
	-7.486362622209839e-06
	-2.5579289156012685e-06
	1.181735851501047e-06
	-9.960299229822897e-06
	-3.4310991424781435e-06
	1.6207715433834082e-06
	-2.0937343077755023e-06
	-7.371036768513704e-07
	3.5270055459845903e-07
	-6.954683903487036e-06
	-2.460735695259563e-06
	1.2040676768637283e-06
	-8.64675827565258e-06
	-3.293934187848961e-06
	1.650221877358971e-06
	-1.6938618536586264e-06
	-7.066933151773086e-07
	3.5897086093934544e-07
	-1.097823830932749e-05
	-4.7038783896720455e-06
	2.448876949851332e-06
	-1.5200412486916545e-05
	-6.241620604279601e-06
	3.3530295145974513e-06
	-3.2505986158400263e-06
	-1.3300023852227983e-06
	7.288476021682876e-07
	-1.079368205581551e-05
	-4.418880422197753e-06
	2.4822064761994304e-06
	-1.2500905390116566e-05
	-5.838912667442146e-06
	3.393742830140558e-06
	-2.0879051165030676e-06
	-1.2405082355938568e-06
	7.371042978809817e-07
	-6.786448042073431e-06
	-4.11571869499289e-06
	2.5060387465477897e-06
	-8.93461243760677e-06
	-5.41535402655223e-06
	3.4210350556828883e-06
	-1.823718486003078e-06
	-1.146943199386113e-06
	7.423964923483454e-07
	-5.9270314283767105e-06
	-3.8006142277949037e-06
	2.519541596759719e-06
	-6.066167979058835e-06
	-4.978518411714516e-06
	3.4339498635626027e-06
	-8.126681816336344e-07
	-1.050852777045674e-06
	7.44548662072413e-07
	-1.3117087128587094e-06
	-1.7538640217681914e-06
	1.2659112636180936e-06
	-1.7010414513555292e-06
	-2.322809299326601e-06
	1.7229972740282106e-06
	-3.541083202966588e-07
	-4.945825347623143e-07
	3.733976666955035e-07
	-1.2002151735131745e-06
	-1.6438489160231761e-06
	1.2636852769248088e-06
	-1.5598761736416823e-06
	-2.173149734675632e-06
	1.7185115981279042e-06
	-3.255914553926522e-07
	-4.6208415084405434e-07
	3.7225718830981007e-07
	-1.1070589272939278e-06
	-1.5350514472043186e-06
	1.258608001369941e-06
	-1.45117084608231e-06
	-2.025410273787114e-06
	1.7101387656259737e-06
	-3.0552028159475923e-07
	-4.30044620865719e-07
	3.702713028079779e-07
	-1.0447853338977768e-06
	-1.4278892482928278e-06
	1.2506645858744422e-06
	-1.396151393339103e-06
	-1.8801887932206541e-06
	1.6978254891331139e-06
	-2.9926129181255587e-07
	-3.9859596605475206e-07
	3.6742337624320074e-07
	-1.914885534716729e-06
	-2.616315689651159e-06
	2.4701023467009004e-06
	-1.9359824881890435e-06
	-3.3525352831113436e-06
	3.34914739257546e-06
	-2.8036366715283674e-07
	-6.954812990315187e-07
	7.241181012861562e-07
	-7.320762450839588e-07
	-2.286883990139652e-06
	2.438341110712214e-06
	3.8568324287808153e-07
	-2.904282010990184e-06
	3.299904122014975e-06
	3.7480075071321346e-07
	-5.980695407308945e-07
	7.127491183879234e-07
	1.3010364510951221e-06
	-1.96218177570553e-06
	2.3949399670695846e-06
	1.4956891130243223e-06
	-2.464010269343039e-06
	3.2349193852213463e-06
	1.959160571604241e-07
	-5.026354692977141e-07
	6.979762646412344e-07
	2.620439088922353e-07
	-1.6445509658674174e-06
	2.3400485276216294e-06
	-2.2764378024083373e-06
	-2.034964539017114e-06
	3.154321693830426e-06
	-1.1510664852025573e-06
	-4.0987583289587e-07
	6.798349891103196e-07
	-4.110756262148027e-06
	-1.3362711428201049e-06
	2.2737515619997353e-06
	-5.928913680572738e-06
	-1.6201887818336306e-06
	3.058270135144618e-06
	-1.3193428917937803e-06
	-3.2045742860261914e-07
	6.583529200829225e-07
	-4.506090365403861e-06
	-1.0394734679995228e-06
	2.196316786469815e-06
	-5.862011330488183e-06
	-1.222440890644231e-06
	2.947220915253795e-06
	-1.1502470078029425e-06
	-2.349751970650576e-07
	6.336248406487154e-07
	-1.953264944664315e-06
	-3.89320636790112e-07
	1.0540413872657122e-06
	-2.674553491094462e-06
	-4.859584638762514e-07
	1.4113045592873206e-06
	-5.757293769383036e-07
	-9.844498927902781e-08
	3.0314014203880976e-07
	-1.950373625139493e-06
	-3.2685866987280805e-07
	1.0065426371641363e-06
	-2.5544575859613426e-06
	-4.0442845935699585e-07
	1.3452845904512664e-06
	-5.264214500562249e-07
	-8.124573302268806e-08
	2.8867737568729235e-07
	-3.364736400046161e-06
	-5.201699846573273e-07
	1.9128406082809537e-06
	-2.6956084042140567e-06
	-5.445817388191005e-07
	2.550549043544792e-06
	-9.520391499352244e-08
	-9.214535061652059e-08
	5.464183986343323e-07
	-1.3083954412895e-07
	-2.884605979798783e-07
	1.803882562020701e-06
	7.341787864457167e-07
	-2.4029154698739386e-07
	2.3971091322057595e-06
	3.669623188385911e-07
	-2.770368862129149e-08
	5.125780240845381e-07
	1.6386771647383741e-06
	-7.70979893615713e-08
	1.6851905091747109e-06
	4.688592481131014e-06
	3.492077683559424e-08
	2.2306343100247122e-06
	1.5597820424411457e-06
	3.02010291726611e-08
	4.759360711540917e-07
	2.7304505662705635e-06
	4.6648176112442014e-08
	7.815506505642024e-07
	3.983463708358263e-06
	8.609400193987403e-08
	1.0301606018488162e-06
	9.046902717526369e-07
	2.271997544326209e-08
	2.1934883253472516e-07
	3.1099969667269293e-06
	7.00952326765973e-08
	7.144248994070553e-07
	4.45477111674981e-06
	1.1318734086994381e-07
	9.376249154869964e-07
	9.963795213053806e-07
	2.7889475419178373e-08
	1.9915489013007327e-07
	3.400672274871255e-06
	8.553800673294595e-08
	6.451171223493207e-07
	4.739071539181873e-06
	1.291951879860287e-07
	8.421609583283928e-07
	1.0348389207006053e-06
	3.0622664993730426e-08
	1.783291481700826e-07
	3.489153397587497e-06
	9.267802002278184e-08
	5.736617715949434e-07
	4.638292246662894e-06
	1.3370937656364514e-07
	7.438054499437757e-07
	9.689775861629583e-07
	3.083861957213583e-08
	1.5688719510816972e-07
	6.682794215536355e-06
	1.9440421332152392e-07
	9.96456490143587e-07
	9.366720997964352e-06
	3.2104528850909786e-07
	1.2796459103565016e-06
	1.978399259134079e-06
	7.953433574349318e-08
	2.6826470694118015e-07
	6.397901906121781e-06
	2.479048294394051e-07
	8.430755289324526e-07
	6.208537132911432e-06
	3.7387764345748036e-07
	1.0669029254323788e-06
	6.501594913828494e-07
	8.799598765621381e-08
	2.2170386905922162e-07
	2.2005943816802344e-06
	2.6846775145775896e-07
	6.822191057650644e-07
	3.6608280720488284e-06
	3.803510805082125e-07
	8.441969045488096e-07
	9.170588692817974e-07
	8.614575200319586e-08
	1.7300343769984067e-07
	3.2953788211020713e-06
	2.5390734158773024e-07
	5.143429172165492e-07
	5.475670324183817e-06
	3.375259438482142e-07
	6.122120133405375e-07
	1.3677974516329522e-06
	7.337268087067208e-08
	1.2233480634791728e-07
	4.696755262696289e-06
	2.0216206895369604e-07
	3.3993876447914507e-07
	6.319509740554419e-06
	2.424696143478276e-07
	3.7151315375984247e-07
	1.2760415294299435e-06
	4.899463692878182e-08
	6.97804830074303e-08
	3.996140274509235e-06
	1.1088768343406891e-07
	1.593642703809548e-07
	3.0424977736329064e-06
	9.198733278961026e-08
	1.2263583151362165e-07
	3.207600935618652e-08
	1.2344207646945408e-08
	1.5491165052818072e-08
