	-0.2621760974747585
	-0.43339228769754046
	-0.5607603546414442
	-0.6409615432169445
	-0.6792526173760548
	-0.6979303167296903
	-0.6962179306549117
	-0.6775693124548684
	-0.6514905025541632
	-0.6183000373492311
	-0.5802608650965511
	-0.5405695665780429
	-0.49992339045410916
	-0.4598012738710427
	-0.42050035912564826
	-0.3827650934598562
	-0.3475598198427021
	-0.31401643828815207
	-0.28279147762575707
	-0.2545124305494546
	-0.22798377431217098
	-0.20373433482365433
	-0.1821716410355441
	-0.16214391406026302
	-0.14405508676106651
	-0.1281693687934584
	-0.11351622525032036
	-0.10039360034954221
	-0.08897251102183124
	-0.07849106068132276
	-0.06916364541838099
	-0.06110079588367225
	-0.05373010005715542
	-0.04720301465493925
	-0.04159087863014262
	-0.036476316591233494
	-0.031964805374801286
	-0.02810232967801986
	-0.0245910939459372
	-0.02150372209166299
	-0.018869820162271546
	-0.016480382931512466
	-0.014384951547144116
	-0.012602565800227745
	-0.010988420948716932
	-0.009576051827187768
	-0.008377690210800615
	-0.007294050705374507
	-0.006347685633892093
	-0.005546445371282736
	-0.004822835877407269
	-0.004191939188246383
	-0.0036587890397304637
	-0.003177831260961726
	-0.002759103417347812
	-0.0024058303838189635
	-0.0020874529478025357
	-0.0018106232441004642
	-0.0015774056024301557
	-0.0013674071801367672
	-0.14201279562916774
	-0.5037720758334637
	-0.6059997777758992
	-0.6915468444791003
	-0.6992397570076101
	-0.66561490837224
	-0.6356005535541742
	-0.5606211057332041
	-0.5202853637132396
	-0.4399871197283162
	-0.40140807129875267
	-0.3305045623660669
	-0.29810929023428734
	-0.2409585654988651
	-0.21557930820080218
	-0.17190723154496604
	-0.15286543893454102
	-0.12064309175297883
	-0.10677193285335729
	-0.08358025781690444
	-0.07369025769019995
	-0.0573041931119329
	-0.05036678845916055
	-0.03895380990857903
	-0.034149479585729677
	-0.026290492142758498
	-0.022997576216378067
	-0.01763602882242257
	-0.015398173287665868
	-0.011768634880188183
	-0.010258602894907395
	-0.007817573537301139
	-0.006804811927585201
	-0.005172269401921954
	-0.004496556157247506
	-0.003409998528861651
	-0.0029612044939459218
	-0.0022410878590585297
	-0.0019441932805242977
	-0.0014687128539832982
	0.9999999999999999
	0
	-1.7041399144307026
	-1.4419653900086475
	-1.0273012505416923
	-0.8445608358744183
	-0.6838538748647669
	-0.5428752491144608
	-0.4195378289899116
	-0.22974736394411716
	-0.14752954500019483
	-0.07660197341497232
	-0.01571334618842451
	0.03626162613937286
	0.11189215676888926
	0.14345170137792504
	0.16949354779111142
	0.19068015072047054
	0.20760453362304793
	0.22823594645986353
	0.23567522695834459
	0.24061943233966382
	0.2434084871097423
	0.24434465648819287
	0.24073366243304964
	0.23777080079591795
	0.23383925651796203
	0.229105621077778
	0.22371662893327235
	0.2112324866328704
	0.20466390837525245
	0.19785590608772988
	0.19088424957238215
	0.18381448656030835
	0.16967496115765884
	0.16264703119519835
	0.15569624867034076
	0.14885240251720736
	0.14214024908677028
	0.1293766802353814
	0.12317340658056174
	0.11715887254545634
	0.11134081078218043
	0.10572464898028973
	0.09531468906440516
	0.09031568574849734
	0.0855217138581907
	0.08093086131666637
	0.07654029620696527
	0.06852681007350654
	0.06470729728830958
	0.0610698770679638
	0.05760917502007325
	0.05431956454008518
	0.04837729071741546
	0.045559415498533866
	0.042888773547141316
	0.040359416300607714
	0.03796543751240541
	0.03367295084058322
	0.0316449512385678
	0.029729681970690685
	0.027921820691480383
	0.026216195395922102
	0.02317494688047611
	0.021742137391685727
	0.020392615220933878
	0.019122059778231285
	0.01792632120186558
	0.01580347479024786
	0.014805555300408842
	0.013867639749803299
	0.012986411834864453
	0.01215870952109907
	0.010694357258927272
	0.010007211069318959
	0.009362492277716818
	0.008757746583741783
	0.008190645575217755
	0.007190198459116779
	0.0067214269677015985
	0.0062822237253297875
	0.0058708183669247205
	0.005485537466467186
	0.004807460805499285
	0.004490129592847795
	0.004193168748826216
	0.003915325319314563
	0.0036554182496864786
	0.003198913686750367
	0.0029854980724182785
	0.0027859849269196587
	0.002599500408186386
	0.0024252226200678034
	0.0021196466797597843
	0.001976918204797838
	0.001843604186238425
	0.0017191022545207494
	0.0016028468484733948
	0.0013993114472675883
	0.0013043181986350677
	0.0012156583608914772
	0.5245782391503635
	0.5661826983765259
	1.1347786687086496
	0.5832366053585099
	0.6297998805789218
	0.5865979920772045
	0.6320780037435059
	1.1484441594710286
	0.5495350640964528
	0.5921726497439206
	0.5217862135785002
	0.563852138756698
	0.9865111294410552
	0.4599346517690936
	0.4967694941684643
	0.4279741681761939
	0.46071346839358124
	0.7857522557944661
	0.3627633712883317
	0.3940200263440258
	0.3378811238186416
	0.36632578785156744
	0.6276979789160522
	0.2861746031207748
	0.30827342297985666
	0.2619803583430123
	0.282100501117076
	0.47992838653319986
	0.21589645070816874
	0.2307420747485166
	0.1942233481747837
	0.20684561279913674
	0.3461873210359678
	0.15062739905787387
	0.16132640051775193
	0.13476296268728
	0.1456034612617966
	0.24672205172847625
	0.11068371866151513
	0.11818035181396033
	0.09913212308266084
	0.10394104971383833
	0.16971058784724416
	0.07246962386885855
	0.07676520903667769
	0.06235297619098807
	0.0643322231758411
	0.09895397880437744
	0.03978003003647009
	0.04273607332475029
	0.032826070249207966
	0.035028322299522165
	0.05168572578949932
	0.01815151086548827
	0.01936550410951527
	0.01170044913048559
	0.012769627196189952
	0.012137523514278818
	0.0016720629388262494
	0.00559208930033406
	0.0040744357791243245
	0.007532815592939256
	0.012423729116905475
	0.009617482807009064
	0.010364387020134593
	0.0070703129912595515
	0.00759418788852761
	0.00914485853276623
	0.003986733662397864
	0.004149766512863342
	0.0015654793078850495
	0.0008631008096770993
	-0.004729327180419138
	-0.0009719423126068688
	0.00037286168814065404
	0.00011716279190599636
	0.0005235865368545164
	-0.0011981436258790695
	0.004447911051416897
	0.005997399845654472
	0.006558521552106501
	0.008718285347231899
	0.02026917187518973
	0.012725338762592738
	0.014452085899238874
	0.015574284859191071
	0.016638900877693402
	0.034148699645287085
	0.016273865877313467
	0.014735691047521262
	0.012298247853089864
	0.011953324031840127
	0.022011673804746584
	0.007031101130840767
	0.006632168416275899
	0.00576990367956621
	0.006110967346589991
	0.012334227253069666
	0.004085872175788206
	0.002318404258794576
	6.2948885106962775
	-0.5245782391503636
	-0.5661826983765258
	-1.1347786687086494
	-0.58323660535851
	-0.6297998805789217
	-0.5865979920772045
	-0.6320780037435059
	-1.1484441594710288
	-0.5495350640964527
	-0.5921726497439207
	-0.5217862135785
	-0.563852138756698
	-0.9865111294410553
	-0.45993465176909365
	-0.49676949416846433
	-0.4279741681761939
	-0.4607134683935813
	-0.7857522557944662
	-0.36276337128833164
	-0.3940200263440257
	-0.3378811238186416
	-0.36632578785156744
	-0.6276979789160523
	-0.2861746031207748
	-0.30827342297985666
	-0.26198035834301225
	-0.28210050111707596
	-0.47992838653319986
	-0.21589645070816874
	-0.23074207474851666
	-0.1942233481747837
	-0.2068456127991367
	-0.3461873210359677
	-0.1506273990578738
	-0.16132640051775193
	-0.13476296268728
	-0.1456034612617966
	-0.24672205172847625
	-0.11068371866151513
	-0.11818035181396033
	-0.09913212308266088
	-0.10394104971383832
	-0.16971058784724416
	-0.07246962386885854
	-0.07676520903667768
	-0.062352976190988056
	-0.06433222317584111
	-0.09895397880437745
	-0.0397800300364701
	-0.04273607332475028
	-0.032826070249207966
	-0.035028322299522165
	-0.05168572578949931
	-0.018151510865488267
	-0.019365504109515274
	-0.011700449130485588
	-0.012769627196189952
	-0.012137523514278815
	-0.0016720629388262494
	-0.0055920893003340594
	-0.0040744357791243245
	-0.007532815592939257
	-0.012423729116905473
	-0.009617482807009062
	-0.010364387020134596
	-0.007070312991259551
	-0.007594187888527612
	-0.009144858532766227
	-0.003986733662397862
	-0.004149766512863342
	-0.001565479307885049
	-0.0008631008096770992
	0.004729327180419137
	0.0009719423126068686
	-0.00037286168814065404
	-0.00011716279190599636
	-0.0005235865368545163
	0.0011981436258790693
	-0.0044479110514168965
	-0.005997399845654471
	-0.0065585215521065
	-0.008718285347231899
	-0.02026917187518973
	-0.012725338762592742
	-0.014452085899238873
	-0.015574284859191075
	-0.016638900877693402
	-0.034148699645287085
	-0.016273865877313467
	-0.014735691047521263
	-0.012298247853089863
	-0.011953324031840124
	-0.022011673804746588
	-0.007031101130840768
	-0.006632168416275901
	-0.00576990367956621
	-0.006110967346589992
	-0.012334227253069664
	-0.004085872175788206
	-0.0023184042587945774
	12.500544760938014
